0 10 2 0 10 3
0 10 2 0 10 3
0 10 2 0 10 3
0 10 2 0 10 3
0 10 2 0 10 3
0 10 2 0 10 3
0 10 2 0 10 3
0 10 2 0 10 3
0 10 2 0 10 3
0 10 2 0 10 3
0 10 2 0 10 3
0 10 2 0 10 3
0 10 2 0 10 3
0 10 2 0 10 3
0 10 2 0 10 3
0 10 2 0 10 3
0 10 2 0 10 3
0 10 2 0 10 3
0 10 2 0 10 3
0 10 2 0 10 3
-0.35 10 2 -0.35 10 3
-0.7 10 2 -0.7 10 3
-1.05 10 2 -1.05 10 3
-1.4 10 2 -1.4 10 3
-1.75 10 2 -1.75 10 3
-2.1 10 2 -2.1 10 3
-2.45 10 2 -2.45 10 3
-2.8 10 2 -2.8 10 3
-3.15 10 2 -3.15 10 3
-3.5 10 2 -3.5 10 3
-3.85 10 2 -3.85 10 3
-4.2 10 2 -4.2 10 3
-4.55 10 2 -4.55 10 3
-4.9 10 2 -4.9 10 3
-5.25 10 2 -5.25 10 3
-5.6 10 2 -5.6 10 3
-5.95 10 2 -5.95 10 3
-6.3 10 2 -6.3 10 3
-6.65 10 2 -6.65 10 3
-7 10 2 -7 10 3
-7.35 10 2 -7.35 10 3
-7.7 10 2 -7.7 10 3
-8.05 10 2 -8.05 10 3
-8.4 10 2 -8.4 10 3
-8.75 10 2 -8.75 10 3
-9.1 10 2 -9.1 10 3
-9.45 10 2 -9.45 10 3
-9.8 10 2 -9.8 10 3
-10.15 10 2 -10.15 10 3
-10.5 10 2 -10.5 10 3
-10.85 10 2 -10.85 10 3
-11.2 10 2 -11.2 10 3
-11.55 10 2 -11.55 10 3
-11.9 10 2 -11.9 10 3
-12.25 10 2 -12.25 10 3
-12.6 10 2 -12.6 10 3
-12.95 10 2 -12.95 10 3
-13.3 10 2 -13.3 10 3
-13.65 10 2 -13.65 10 3
-14 10 2 -14 10 3
-14.35 10 2 -14.35 10 3
-14.7 10 2 -14.7 10 3
-15.05 10 2 -15.05 10 3
-15.4 10 2 -15.4 10 3
-15.75 10 2 -15.75 10 3
-16.1 10 2 -16.1 10 3
-16.45 10 2 -16.45 10 3
-16.8 10 2 -16.8 10 3
-17.15 10 2 -17.15 10 3
-17.5 10 2 -17.5 10 3
-17.85 10 2 -17.85 10 3
-18.2 10 2 -18.2 10 3
-18.55 10 2 -18.55 10 3
-18.9 10 2 -18.9 10 3
-19.25 10 2 -19.25 10 3
-19.6 10 2 -19.6 10 3
-19.95 10 2 -19.95 10 3
-20.3 10 2 -20.3 10 3
-20.65 10 2 -20.65 10 3
-21 10 2 -21 10 3
-21.35 10 2 -21.35 10 3
-21.7 10 2 -21.7 10 3
-22.05 10 2 -22.05 10 3
-22.4 10 2 -22.4 10 3
-22.75 10 2 -22.75 10 3
-23.1 10 2 -23.1 10 3
-23.45 10 2 -23.45 10 3
-23.8 10 2 -23.8 10 3
-24.15 10 2 -24.15 10 3
-24.5 10 2 -24.5 10 3
-24.85 10 2 -24.85 10 3
-25.2 10 2 -25.2 10 3
-25.55 10 2 -25.55 10 3
-25.9 10 2 -25.9 10 3
-26.25 10 2 -26.25 10 3
-26.6 10 2 -26.6 10 3
-26.95 10 2 -26.95 10 3
-27.3 10 2 -27.3 10 3
-27.65 10 2 -27.65 10 3
-28 10 2 -28 10 3
-28.35 10 2 -28.35 10 3
-28.7 10 2 -28.7 10 3
-29.05 10 2 -29.05 10 3
-29.4 10 2 -29.4 10 3
-29.75 10 2 -29.75 10 3
-30.1 10 2 -30.1 10 3
-30.45 10 2 -30.45 10 3
-30.8 10 2 -30.8 10 3
-31.15 10 2 -31.15 10 3
-31.5 10 2 -31.5 10 3
-31.85 10 2 -31.85 10 3
-32.2 10 2 -32.2 10 3
-32.55 10 2 -32.55 10 3
-32.9 10 2 -32.9 10 3
-33.25 10 2 -33.25 10 3
-33.6 10 2 -33.6 10 3
-33.95 10 2 -33.95 10 3
-34.3 10 2 -34.3 10 3
-34.65 10 2 -34.65 10 3
-35 10 2 -35 10 3
-35.35 10 2 -35.35 10 3
-35.7 10 2 -35.7 10 3
-36.05 10 2 -36.05 10 3
-36.4 10 2 -36.4 10 3
-36.75 10 2 -36.75 10 3
-37.1 10 2 -37.1 10 3
-37.45 10 2 -37.45 10 3
-37.8 10 2 -37.8 10 3
-38.15 10 2 -38.15 10 3
-38.5 10 2 -38.5 10 3
-38.85 10 2 -38.85 10 3
-39.2 10 2 -39.2 10 3
-39.55 10 2 -39.55 10 3
-39.9 10 2 -39.9 10 3
-40.25 10 2 -40.25 10 3
-40.6 10 2 -40.6 10 3
-40.95 10 2 -40.95 10 3
-41.3 10 2 -41.3 10 3
-41.65 10 2 -41.65 10 3
-42 10 2 -42 10 3
-42.35 10 2 -42.35 10 3
-42.7 10 2 -42.7 10 3
-43.05 10 2 -43.05 10 3
-43.4 10 2 -43.4 10 3
-43.75 10 2 -43.75 10 3
-44.1 10 2 -44.1 10 3
-44.45 10 2 -44.45 10 3
-44.8 10 2 -44.8 10 3
-45.15 10 2 -45.15 10 3
-45.5 10 2 -45.5 10 3
-45.85 10 2 -45.85 10 3
-46.2 10 2 -46.2 10 3
-46.55 10 2 -46.55 10 3
-46.9 10 2 -46.9 10 3
-47.25 10 2 -47.25 10 3
-47.6 10 2 -47.6 10 3
-47.95 10 2 -47.95 10 3
-48.3 10 2 -48.3 10 3
-48.65 10 2 -48.65 10 3
-49 10 2 -49 10 3
-49.3499 10 2 -49.3499 10 3
-49.6999 10 2 -49.6999 10 3
-50.0499 10 2 -50.0499 10 3
-50.3999 10 2 -50.3999 10 3
-50.7499 10 2 -50.7499 10 3
-51.0999 10 2 -51.0999 10 3
-51.4499 10 2 -51.4499 10 3
-51.7999 10 2 -51.7999 10 3
-52.1499 10 2 -52.1499 10 3
-52.4999 10 2 -52.4999 10 3
-52.8499 10 2 -52.8499 10 3
-53.1999 10 2 -53.1999 10 3
-53.5499 10 2 -53.5499 10 3
-53.8999 10 2 -53.8999 10 3
-54.2499 10 2 -54.2499 10 3
-54.5999 10 2 -54.5999 10 3
-54.9499 10 2 -54.9499 10 3
-55.2999 10 2 -55.2999 10 3
-55.6499 10 2 -55.6499 10 3
-55.9999 10 2 -55.9999 10 3
-56.3499 10 2 -56.3499 10 3
-56.6999 10 2 -56.6999 10 3
-57.0499 10 2 -57.0499 10 3
-57.3999 10 2 -57.3999 10 3
-57.7499 10 2 -57.7499 10 3
-58.0999 10 2 -58.0999 10 3
-58.4499 10 2 -58.4499 10 3
-58.7999 10 2 -58.7999 10 3
-59.1499 10 2 -59.1499 10 3
-59.4999 10 2 -59.4999 10 3
-59.8499 10 2 -59.8499 10 3
-60.1999 10 2 -60.1999 10 3
-60.5499 10 2 -60.5499 10 3
-60.8999 10 2 -60.8999 10 3
-61.2499 10 2 -61.2499 10 3
-61.5999 10 2 -61.5999 10 3
-61.9499 10 2 -61.9499 10 3
-62.2999 10 2 -62.2999 10 3
-62.6499 10 2 -62.6499 10 3
-62.9999 10 2 -62.9999 10 3
-63.3499 10 2 -63.3499 10 3
-63.6999 10 2 -63.6999 10 3
-64.0499 10 2 -64.0499 10 3
-64.3999 10 2 -64.3999 10 3
-64.7499 10 2 -64.7499 10 3
-65.0999 10 2 -65.0999 10 3
-65.4499 10 2 -65.4499 10 3
-65.7999 10 2 -65.7999 10 3
-66.1499 10 2 -66.1499 10 3
-66.4999 10 2 -66.4999 10 3
-66.8499 10 2 -66.8499 10 3
-67.1999 10 2 -67.1999 10 3
-67.5499 10 2 -67.5499 10 3
-67.8999 10 2 -67.8999 10 3
-68.2499 10 2 -68.2499 10 3
-68.5999 10 2 -68.5999 10 3
-68.9499 10 2 -68.9499 10 3
-69.2999 10 2 -69.2999 10 3
-69.6499 10 2 -69.6499 10 3
-69.9999 10 2 -69.9999 10 3
-70.3499 10 2 -70.3499 10 3
-70.6999 10 2 -70.6999 10 3
-71.0499 10 2 -71.0499 10 3
-71.3999 10 2 -71.3999 10 3
-71.7499 10 2 -71.7499 10 3
-72.0999 10 2 -72.0999 10 3
-72.4499 10 2 -72.4499 10 3
-72.7999 10 2 -72.7999 10 3
-73.1498 10 2 -73.1498 10 3
-73.4998 10 2 -73.4998 10 3
-73.8498 10 2 -73.8498 10 3
-74.1998 10 2 -74.1998 10 3
-74.5498 10 2 -74.5498 10 3
-74.8998 10 2 -74.8998 10 3
-75.2498 10 2 -75.2498 10 3
-75.5998 10 2 -75.5998 10 3
-75.9498 10 2 -75.9498 10 3
-76.2998 10 2 -76.2998 10 3
-76.6498 10 2 -76.6498 10 3
-76.9998 10 2 -76.9998 10 3
-77.3498 10 2 -77.3498 10 3
-77.6998 10 2 -77.6998 10 3
-78.0498 10 2 -78.0498 10 3
-78.3998 10 2 -78.3998 10 3
-78.7498 10 2 -78.7498 10 3
-79.0998 10 2 -79.0998 10 3
-79.4498 10 2 -79.4498 10 3
-79.7998 10 2 -79.7998 10 3
-80.1498 10 2 -80.1498 10 3
-80.1498 10 2 -80.1498 10 3
-80.1498 10 2 -80.1498 10 3
-80.1498 10 2 -80.1498 10 3
-80.1498 10 2 -80.1498 10 3
-80.1498 10 2 -80.1498 10 3
-80.1498 10 1.65 -80.1498 10 2.65
-80.1498 10 1.3 -80.1498 10 2.3
-80.1498 10 0.95 -80.1498 10 1.95
-80.1498 10 0.6 -80.1498 10 1.6
-80.1498 10 0.25 -80.1498 10 1.25
-80.1498 10 -0.1 -80.1498 10 0.9
-80.1498 10 -0.45 -80.1498 10 0.55
-80.1498 10 -0.8 -80.1498 10 0.2
-80.1498 10 -1.15 -80.1498 10 -0.15
-80.1498 10 -1.5 -80.1498 10 -0.5
-80.1498 10 -1.85 -80.1498 10 -0.85
-80.1498 10 -2.2 -80.1498 10 -1.2
-80.1498 10 -2.55 -80.1498 10 -1.55
-80.1498 10 -2.9 -80.1498 10 -1.9
-80.1498 10 -3.25 -80.1498 10 -2.25
-80.1498 10 -3.6 -80.1498 10 -2.6
-80.1498 10 -3.95 -80.1498 10 -2.95
-80.1498 10 -4.3 -80.1498 10 -3.3
-80.1498 10 -4.65 -80.1498 10 -3.65
-80.1498 10 -5 -80.1498 10 -4
-80.1498 10 -5.35 -80.1498 10 -4.35
-80.1498 10 -5.7 -80.1498 10 -4.7
-80.1498 10 -6.05 -80.1498 10 -5.05
-80.1498 10 -6.4 -80.1498 10 -5.4
-80.1498 10 -6.75 -80.1498 10 -5.75
-80.1498 10 -7.1 -80.1498 10 -6.1
-80.1498 10 -7.45 -80.1498 10 -6.45
-80.1498 10 -7.8 -80.1498 10 -6.8
-80.1498 10 -8.15 -80.1498 10 -7.15
-80.1498 10 -8.5 -80.1498 10 -7.5
-80.1498 10 -8.85 -80.1498 10 -7.85
-80.1498 10 -9.2 -80.1498 10 -8.2
-80.1498 10 -9.55 -80.1498 10 -8.55
-80.1498 10 -9.9 -80.1498 10 -8.9
-80.1498 10 -10.25 -80.1498 10 -9.25
-80.1498 10 -10.6 -80.1498 10 -9.6
-80.1498 10 -10.95 -80.1498 10 -9.95
-80.1498 10 -11.3 -80.1498 10 -10.3
-80.1498 10 -11.65 -80.1498 10 -10.65
-80.1498 10 -12 -80.1498 10 -11
-80.1498 10 -12.35 -80.1498 10 -11.35
-80.1498 10 -12.7 -80.1498 10 -11.7
-80.1498 10 -13.05 -80.1498 10 -12.05
-80.1498 10 -13.4 -80.1498 10 -12.4
-80.1498 10 -13.75 -80.1498 10 -12.75
-80.1498 10 -14.1 -80.1498 10 -13.1
-80.1498 10 -14.45 -80.1498 10 -13.45
-80.1498 10 -14.8 -80.1498 10 -13.8
-80.1498 10 -15.15 -80.1498 10 -14.15
-80.1498 10 -15.5 -80.1498 10 -14.5
-80.1498 10 -15.85 -80.1498 10 -14.85
-80.1498 10 -16.2 -80.1498 10 -15.2
-80.1498 10 -16.55 -80.1498 10 -15.55
-80.1498 10 -16.9 -80.1498 10 -15.9
-80.1498 10 -17.25 -80.1498 10 -16.25
-80.1498 10 -17.6 -80.1498 10 -16.6
-80.1498 10 -17.95 -80.1498 10 -16.95
-80.1498 10 -18.3 -80.1498 10 -17.3
-80.1498 10 -18.65 -80.1498 10 -17.65
-80.1498 10 -19 -80.1498 10 -18
-80.1498 10 -19.35 -80.1498 10 -18.35
-80.1498 10 -19.7 -80.1498 10 -18.7
-80.1498 10 -20.05 -80.1498 10 -19.05
-80.1498 10 -20.4 -80.1498 10 -19.4
-80.1498 10 -20.75 -80.1498 10 -19.75
-80.1498 10 -21.1 -80.1498 10 -20.1
-80.1498 10 -21.45 -80.1498 10 -20.45
-80.1498 10 -21.8 -80.1498 10 -20.8
-80.1498 10 -22.15 -80.1498 10 -21.15
-80.1498 10 -22.5 -80.1498 10 -21.5
-80.1498 10 -22.85 -80.1498 10 -21.85
-80.1498 10 -23.2 -80.1498 10 -22.2
-80.1498 10 -23.55 -80.1498 10 -22.55
-80.1498 10 -23.9 -80.1498 10 -22.9
-80.1498 10 -24.25 -80.1498 10 -23.25
-80.1498 10 -24.6 -80.1498 10 -23.6
-80.1498 10 -24.95 -80.1498 10 -23.95
-80.1498 10 -25.3 -80.1498 10 -24.3
-80.1498 10 -25.65 -80.1498 10 -24.65
-80.1498 10 -26 -80.1498 10 -25
-80.1498 10 -26.35 -80.1498 10 -25.35
-80.1498 10 -26.7 -80.1498 10 -25.7
-80.1498 10 -27.05 -80.1498 10 -26.05
-80.1498 10 -27.4 -80.1498 10 -26.4
-80.1498 10 -27.75 -80.1498 10 -26.75
-80.1498 10 -28.1 -80.1498 10 -27.1
-80.1498 10 -28.45 -80.1498 10 -27.45
-80.1498 10 -28.8 -80.1498 10 -27.8
-80.1498 10 -29.15 -80.1498 10 -28.15
-80.1498 10 -29.5 -80.1498 10 -28.5
-80.1498 10 -29.85 -80.1498 10 -28.85
-80.1498 10 -30.2 -80.1498 10 -29.2
-80.1498 10 -30.55 -80.1498 10 -29.55
-80.1498 10 -30.9 -80.1498 10 -29.9
-80.1498 10 -31.25 -80.1498 10 -30.25
-80.1498 10 -31.6 -80.1498 10 -30.6
-80.1498 10 -31.95 -80.1498 10 -30.95
-80.1498 10 -32.3 -80.1498 10 -31.3
-80.1498 10 -32.65 -80.1498 10 -31.65
-80.1498 10 -33 -80.1498 10 -32
-80.1498 10 -33.35 -80.1498 10 -32.35
-80.1498 10 -33.7 -80.1498 10 -32.7
-80.1498 10 -34.05 -80.1498 10 -33.05
-80.1498 10 -34.4 -80.1498 10 -33.4
-80.1498 10 -34.75 -80.1498 10 -33.75
-80.1498 10 -35.1 -80.1498 10 -34.1
-80.1498 10 -35.45 -80.1498 10 -34.45
-80.1498 10 -35.8 -80.1498 10 -34.8
-80.1498 10 -36.15 -80.1498 10 -35.15
-80.1498 10 -36.5 -80.1498 10 -35.5
-80.1498 10 -36.85 -80.1498 10 -35.85
-80.1498 10 -37.2 -80.1498 10 -36.2
-80.1498 10 -37.55 -80.1498 10 -36.55
-80.1498 10 -37.9 -80.1498 10 -36.9
-80.1498 10 -38.25 -80.1498 10 -37.25
-80.1498 10 -38.6 -80.1498 10 -37.6
-80.1498 10 -38.95 -80.1498 10 -37.95
-80.1498 10 -39.3 -80.1498 10 -38.3
-80.1498 10 -39.65 -80.1498 10 -38.65
-80.1498 10 -40 -80.1498 10 -39
-80.1498 10 -40.35 -80.1498 10 -39.35
-80.1498 10 -40.7 -80.1498 10 -39.7
-80.1498 10 -41.05 -80.1498 10 -40.05
-80.1498 10 -41.4 -80.1498 10 -40.4
-80.1498 10 -41.75 -80.1498 10 -40.75
-80.1498 10 -42.1 -80.1498 10 -41.1
-80.1498 10 -42.45 -80.1498 10 -41.45
-80.1498 10 -42.8 -80.1498 10 -41.8
-80.1498 10 -43.15 -80.1498 10 -42.15
-80.1498 10 -43.5 -80.1498 10 -42.5
-80.1498 10 -43.85 -80.1498 10 -42.85
-80.1498 10 -44.2 -80.1498 10 -43.2
-80.1498 10 -44.55 -80.1498 10 -43.55
-80.1498 10 -44.9 -80.1498 10 -43.9
-80.1498 10 -45.25 -80.1498 10 -44.25
-80.1498 10 -45.6 -80.1498 10 -44.6
-80.1498 10 -45.95 -80.1498 10 -44.95
-80.1498 10 -46.3 -80.1498 10 -45.3
-80.1498 10 -46.65 -80.1498 10 -45.65
-80.1498 10 -47 -80.1498 10 -46
-80.1498 10 -47.35 -80.1498 10 -46.35
-80.1498 10 -47.7 -80.1498 10 -46.7
-80.1498 10 -48.05 -80.1498 10 -47.05
-80.1498 10 -48.4 -80.1498 10 -47.4
-80.1498 10 -48.75 -80.1498 10 -47.75
-80.1498 10 -49.0999 -80.1498 10 -48.1
-80.1498 10 -49.4499 -80.1498 10 -48.45
-80.1498 10 -49.7999 -80.1498 10 -48.7999
-80.1498 10 -50.1499 -80.1498 10 -49.1499
-80.1498 10 -50.4999 -80.1498 10 -49.4999
-80.1498 10 -50.8499 -80.1498 10 -49.8499
-80.1498 10 -51.1999 -80.1498 10 -50.1999
-80.1498 10 -51.5499 -80.1498 10 -50.5499
-80.1498 10 -51.8999 -80.1498 10 -50.8999
-80.1498 10 -52.2499 -80.1498 10 -51.2499
-80.1498 10 -52.5999 -80.1498 10 -51.5999
-80.1498 10 -52.9499 -80.1498 10 -51.9499
-80.1498 10 -53.2999 -80.1498 10 -52.2999
-80.1498 10 -53.6499 -80.1498 10 -52.6499
-80.1498 10 -53.9999 -80.1498 10 -52.9999
-80.1498 10 -54.3499 -80.1498 10 -53.3499
-80.1498 10 -54.6999 -80.1498 10 -53.6999
-80.1498 10 -55.0499 -80.1498 10 -54.0499
-80.1498 10 -55.3999 -80.1498 10 -54.3999
-80.1498 10 -55.7499 -80.1498 10 -54.7499
-80.1498 10 -56.0999 -80.1498 10 -55.0999
-80.1498 10 -56.4499 -80.1498 10 -55.4499
-80.1498 10 -56.7999 -80.1498 10 -55.7999
-80.1498 10 -57.1499 -80.1498 10 -56.1499
-80.1498 10 -57.4999 -80.1498 10 -56.4999
-80.1498 10 -57.8499 -80.1498 10 -56.8499
-80.1498 10 -58.1999 -80.1498 10 -57.1999
-80.1498 10 -58.5499 -80.1498 10 -57.5499
-80.1498 10 -58.8999 -80.1498 10 -57.8999
-80.1498 10 -59.2499 -80.1498 10 -58.2499
-80.1498 10 -59.5999 -80.1498 10 -58.5999
-80.1498 10 -59.9499 -80.1498 10 -58.9499
-80.1498 10 -60.2999 -80.1498 10 -59.2999
-80.1498 10 -60.6499 -80.1498 10 -59.6499
-80.1498 10 -60.9999 -80.1498 10 -59.9999
-80.1498 10 -61.3499 -80.1498 10 -60.3499
-80.1498 10 -61.6999 -80.1498 10 -60.6999
-80.1498 10 -62.0499 -80.1498 10 -61.0499
-80.1498 10 -62.3999 -80.1498 10 -61.3999
-80.1498 10 -62.7499 -80.1498 10 -61.7499
-80.1498 10 -63.0999 -80.1498 10 -62.0999
-80.1498 10 -63.4499 -80.1498 10 -62.4499
-80.1498 10 -63.7999 -80.1498 10 -62.7999
-80.1498 10 -64.1499 -80.1498 10 -63.1499
-80.1498 10 -64.4999 -80.1498 10 -63.4999
-80.1498 10 -64.8499 -80.1498 10 -63.8499
-80.1498 10 -65.1999 -80.1498 10 -64.1999
-80.1498 10 -65.5499 -80.1498 10 -64.5499
-80.1498 10 -65.8999 -80.1498 10 -64.8999
-80.1498 10 -66.2499 -80.1498 10 -65.2499
-80.1498 10 -66.5999 -80.1498 10 -65.5999
-80.1498 10 -66.9499 -80.1498 10 -65.9499
-80.1498 10 -67.2999 -80.1498 10 -66.2999
-80.1498 10 -67.6499 -80.1498 10 -66.6499
-80.1498 10 -67.9999 -80.1498 10 -66.9999
-80.1498 10 -68.3499 -80.1498 10 -67.3499
-80.1498 10 -68.6999 -80.1498 10 -67.6999
-80.1498 10 -69.0499 -80.1498 10 -68.0499
-80.1498 10 -69.3999 -80.1498 10 -68.3999
-80.1498 10 -69.7499 -80.1498 10 -68.7499
-80.1498 10 -70.0999 -80.1498 10 -69.0999
-80.1498 10 -70.4499 -80.1498 10 -69.4499
-80.1498 10 -70.7999 -80.1498 10 -69.7999
-80.1498 10 -71.1499 -80.1498 10 -70.1499
-80.1498 10 -71.4999 -80.1498 10 -70.4999
-80.1498 10 -71.8499 -80.1498 10 -70.8499
-80.1498 10 -72.1999 -80.1498 10 -71.1999
-80.1498 10 -72.5499 -80.1498 10 -71.5499
-80.1498 10 -72.8998 -80.1498 10 -71.8998
-80.1498 10 -73.2498 -80.1498 10 -72.2498
-80.1498 10 -73.5998 -80.1498 10 -72.5998
-80.1498 10 -73.9498 -80.1498 10 -72.9498
-80.1498 10 -74.2998 -80.1498 10 -73.2998
-80.1498 10 -74.6498 -80.1498 10 -73.6498
-80.1498 10 -74.9998 -80.1498 10 -73.9998
-80.1498 10 -75.3498 -80.1498 10 -74.3498
-80.1498 10 -75.6998 -80.1498 10 -74.6998
-80.1498 10 -76.0498 -80.1498 10 -75.0498
-80.1498 10 -76.3998 -80.1498 10 -75.3998
-80.1498 10 -76.7498 -80.1498 10 -75.7498
-80.1498 10 -77.0998 -80.1498 10 -76.0998
-80.1498 10 -77.4498 -80.1498 10 -76.4498
-80.1498 10 -77.7998 -80.1498 10 -76.7998
-80.1498 10 -78.1498 -80.1498 10 -77.1498
-80.1498 10 -78.4998 -80.1498 10 -77.4998
-80.1498 10 -78.8498 -80.1498 10 -77.8498
-80.1498 10 -79.1998 -80.1498 10 -78.1998
-80.1498 10 -79.5498 -80.1498 10 -78.5498
-80.1498 10 -79.8998 -80.1498 10 -78.8998
-80.1498 10 -80.2498 -80.1498 10 -79.2498
-80.1498 10 -80.5998 -80.1498 10 -79.5998
-80.1498 10 -80.9498 -80.1498 10 -79.9498
-80.1498 10 -81.2998 -80.1498 10 -80.2998
-80.1498 10 -81.6498 -80.1498 10 -80.6498
-80.1498 10 -81.9998 -80.1498 10 -80.9998
-80.1498 10 -82.3498 -80.1498 10 -81.3498
-80.1498 10 -82.6998 -80.1498 10 -81.6998
-80.1498 10 -83.0498 -80.1498 10 -82.0498
-80.1498 10 -83.3998 -80.1498 10 -82.3998
-80.1498 10 -83.7498 -80.1498 10 -82.7498
-80.1498 10 -84.0998 -80.1498 10 -83.0998
-80.1498 10 -84.4498 -80.1498 10 -83.4498
-80.1498 10 -84.7998 -80.1498 10 -83.7998
-80.1498 10 -85.1498 -80.1498 10 -84.1498
-80.1498 10 -85.4998 -80.1498 10 -84.4998
-80.1498 10 -85.8498 -80.1498 10 -84.8498
-80.1498 10 -86.1998 -80.1498 10 -85.1998
-80.1498 10 -86.5498 -80.1498 10 -85.5498
-80.1498 10 -86.8998 -80.1498 10 -85.8998
-80.1498 10 -87.2498 -80.1498 10 -86.2498
-80.1498 10 -87.5998 -80.1498 10 -86.5998
-80.1498 10 -87.9498 -80.1498 10 -86.9498
-80.1498 10 -88.2998 -80.1498 10 -87.2998
-80.1498 10 -88.6498 -80.1498 10 -87.6498
-80.1498 10 -88.9998 -80.1498 10 -87.9998
-80.1498 10 -89.3498 -80.1498 10 -88.3498
-80.1498 10 -89.6998 -80.1498 10 -88.6998
-80.1498 10 -90.0498 -80.1498 10 -89.0498
-80.1498 10 -90.3998 -80.1498 10 -89.3998
-80.1498 10 -90.7498 -80.1498 10 -89.7498
-80.1498 10 -91.0998 -80.1498 10 -90.0998
-80.1498 10 -91.4498 -80.1498 10 -90.4498
-80.1498 10 -91.7998 -80.1498 10 -90.7998
-80.1498 10 -92.1498 -80.1498 10 -91.1498
-80.1498 10 -92.4998 -80.1498 10 -91.4998
-80.1498 10 -92.8498 -80.1498 10 -91.8498
-80.1498 10 -93.1998 -80.1498 10 -92.1998
-80.1498 10 -93.5498 -80.1498 10 -92.5498
-80.1498 10 -93.8998 -80.1498 10 -92.8998
-80.1498 10 -94.2498 -80.1498 10 -93.2498
-80.1498 10 -94.5998 -80.1498 10 -93.5998
-80.1498 10 -94.9498 -80.1498 10 -93.9498
-80.1498 10 -95.2998 -80.1498 10 -94.2998
-80.1498 10 -95.6497 -80.1498 10 -94.6497
-80.1498 10 -95.9997 -80.1498 10 -94.9997
-80.1498 10 -96.3497 -80.1498 10 -95.3497
-80.1498 10 -96.6997 -80.1498 10 -95.6997
-80.1498 10 -97.0497 -80.1498 10 -96.0497
-80.1498 10 -97.3997 -80.1498 10 -96.3997
-80.1498 10 -97.7497 -80.1498 10 -96.7497
-80.1498 10 -98.0997 -80.1498 10 -97.0997
-80.1498 10 -98.4497 -80.1498 10 -97.4497
-80.1498 10 -98.7997 -80.1498 10 -97.7997
-80.1498 10 -99.1497 -80.1498 10 -98.1497
-80.1498 10 -99.4997 -80.1498 10 -98.4997
-80.1498 10 -99.8497 -80.1498 10 -98.8497
-80.1498 10 -100.2 -80.1498 10 -99.1997
-80.1498 10 -100.55 -80.1498 10 -99.5497
-80.1498 10 -100.9 -80.1498 10 -99.8997
-80.1498 10 -101.25 -80.1498 10 -100.25
-80.1498 10 -101.6 -80.1498 10 -100.6
-80.1498 10 -101.95 -80.1498 10 -100.95
-80.1498 10 -102.3 -80.1498 10 -101.3
-80.1498 10 -102.65 -80.1498 10 -101.65
-80.1498 10 -103 -80.1498 10 -102
-80.1498 10 -103.35 -80.1498 10 -102.35
-80.1498 10 -103.7 -80.1498 10 -102.7
-80.1498 10 -104.05 -80.1498 10 -103.05
-80.1498 10 -104.4 -80.1498 10 -103.4
-80.1498 10 -104.75 -80.1498 10 -103.75
-80.1498 10 -105.1 -80.1498 10 -104.1
-80.1498 10 -105.45 -80.1498 10 -104.45
-80.1498 10 -105.8 -80.1498 10 -104.8
-80.1498 10 -106.15 -80.1498 10 -105.15
-80.1498 10 -106.5 -80.1498 10 -105.5
-80.1498 10 -106.85 -80.1498 10 -105.85
-80.1498 10 -107.2 -80.1498 10 -106.2
-80.1498 10 -107.55 -80.1498 10 -106.55
-80.1498 10 -107.9 -80.1498 10 -106.9
-80.1498 10 -108.25 -80.1498 10 -107.25
-80.1498 10 -108.6 -80.1498 10 -107.6
-80.1498 10 -108.95 -80.1498 10 -107.95
-80.1498 10 -109.3 -80.1498 10 -108.3
-80.1498 10 -109.65 -80.1498 10 -108.65
-80.1498 10 -110 -80.1498 10 -109
-80.1498 10 -110.35 -80.1498 10 -109.35
-80.1498 10 -110.7 -80.1498 10 -109.7
-80.1498 10 -111.05 -80.1498 10 -110.05
-80.1498 10 -111.4 -80.1498 10 -110.4
-80.1498 10 -111.75 -80.1498 10 -110.75
-80.1498 10 -112.1 -80.1498 10 -111.1
-80.1498 10 -112.45 -80.1498 10 -111.45
-80.1498 10 -112.8 -80.1498 10 -111.8
-80.1498 10 -113.15 -80.1498 10 -112.15
-80.1498 10 -113.5 -80.1498 10 -112.5
-80.1498 10 -113.85 -80.1498 10 -112.85
-80.1498 10 -114.2 -80.1498 10 -113.2
-80.1498 10 -114.55 -80.1498 10 -113.55
-80.1498 10 -114.9 -80.1498 10 -113.9
-80.1498 10 -115.25 -80.1498 10 -114.25
-80.1498 10 -115.6 -80.1498 10 -114.6
-80.1498 10 -115.95 -80.1498 10 -114.95
-80.1498 10 -116.3 -80.1498 10 -115.3
-80.1498 10 -116.65 -80.1498 10 -115.65
-80.1498 10 -117 -80.1498 10 -116
-80.1498 10 -117.35 -80.1498 10 -116.35
-80.1498 10 -117.7 -80.1498 10 -116.7
-80.1498 10 -118.05 -80.1498 10 -117.05
-80.1498 10 -118.4 -80.1498 10 -117.4
-80.1498 10 -118.75 -80.1498 10 -117.75
-80.1498 10 -119.1 -80.1498 10 -118.1
-80.1498 10 -119.45 -80.1498 10 -118.45
-80.1498 10 -119.8 -80.1498 10 -118.8
-80.1498 10 -120.15 -80.1498 10 -119.15
-80.1498 10 -120.5 -80.1498 10 -119.5
-80.1498 10 -120.85 -80.1498 10 -119.85
-80.1498 10 -121.2 -80.1498 10 -120.2
-80.1498 10 -121.55 -80.1498 10 -120.55
-80.1498 10 -121.9 -80.1498 10 -120.9
-80.1498 10 -122.25 -80.1498 10 -121.25
-80.1498 10 -122.6 -80.1498 10 -121.6
-80.1498 10 -122.95 -80.1498 10 -121.95
-80.1498 10 -123.3 -80.1498 10 -122.3
-80.1498 10 -123.65 -80.1498 10 -122.65
-80.1498 10 -124 -80.1498 10 -123
-80.1498 10 -124.35 -80.1498 10 -123.35
-80.1498 10 -124.7 -80.1498 10 -123.7
-80.1498 10 -125.05 -80.1498 10 -124.05
-80.1498 10 -125.4 -80.1498 10 -124.4
-80.1498 10 -125.75 -80.1498 10 -124.75
-80.1498 10 -126.1 -80.1498 10 -125.1
-80.1498 10 -126.45 -80.1498 10 -125.45
-80.1498 10 -126.8 -80.1498 10 -125.8
-80.1498 10 -127.15 -80.1498 10 -126.15
-80.1498 10 -127.5 -80.1498 10 -126.5
-80.1498 10 -127.85 -80.1498 10 -126.85
-80.1498 10 -128.2 -80.1498 10 -127.2
-80.1498 10 -128.55 -80.1498 10 -127.55
-80.1498 10 -128.9 -80.1498 10 -127.9
-80.1498 10 -129.25 -80.1498 10 -128.25
-80.1498 10 -129.6 -80.1498 10 -128.6
-80.1498 10 -129.95 -80.1498 10 -128.95
-80.1498 10 -130.3 -80.1498 10 -129.3
-80.1498 10 -130.65 -80.1498 10 -129.65
-80.1498 10 -131 -80.1498 10 -130
-80.1498 10 -131.35 -80.1498 10 -130.35
-80.1498 10 -131.7 -80.1498 10 -130.7
-80.1498 10 -132.05 -80.1498 10 -131.05
-80.1498 10 -132.4 -80.1498 10 -131.4
-80.1498 10 -132.75 -80.1498 10 -131.75
-80.1498 10 -133.1 -80.1498 10 -132.1
-80.1498 10 -133.45 -80.1498 10 -132.45
-80.1498 10 -133.8 -80.1498 10 -132.8
-80.1498 10 -134.15 -80.1498 10 -133.15
-80.1498 10 -134.5 -80.1498 10 -133.5
-80.1498 10 -134.85 -80.1498 10 -133.85
-80.1498 10 -135.2 -80.1498 10 -134.2
-80.1498 10 -135.55 -80.1498 10 -134.55
-80.1498 10 -135.9 -80.1498 10 -134.9
-80.1498 10 -136.25 -80.1498 10 -135.25
-80.1498 10 -136.6 -80.1498 10 -135.6
-80.1498 10 -136.95 -80.1498 10 -135.95
-80.1498 10 -137.3 -80.1498 10 -136.3
-80.1498 10 -137.65 -80.1498 10 -136.65
-80.1498 10 -138 -80.1498 10 -137
-80.1498 10 -138.35 -80.1498 10 -137.35
-80.1498 10 -138.7 -80.1498 10 -137.7
-80.1498 10 -139.05 -80.1498 10 -138.05
-80.1498 10 -139.4 -80.1498 10 -138.4
-80.1498 10 -139.75 -80.1498 10 -138.75
-80.1498 10 -140.1 -80.1498 10 -139.1
-80.1498 10 -140.45 -80.1498 10 -139.45
-80.1498 10 -140.8 -80.1498 10 -139.8
-80.1498 10 -141.15 -80.1498 10 -140.15
-80.1498 10 -141.5 -80.1498 10 -140.5
-80.1498 10 -141.85 -80.1498 10 -140.85
-80.1498 10 -142.2 -80.1498 10 -141.2
-80.1498 10 -142.55 -80.1498 10 -141.55
-80.1498 10 -142.9 -80.1498 10 -141.9
-80.1498 10 -143.25 -80.1498 10 -142.25
-80.1498 10 -143.6 -80.1498 10 -142.6
-80.1498 10 -143.95 -80.1498 10 -142.95
-80.1498 10 -144.3 -80.1498 10 -143.3
-80.1498 10 -144.65 -80.1498 10 -143.65
-80.1498 10 -145 -80.1498 10 -144
-80.1498 10 -145.35 -80.1498 10 -144.35
-80.1498 10 -145.7 -80.1498 10 -144.7
-80.1498 10 -146.05 -80.1498 10 -145.05
-80.1498 10 -146.4 -80.1498 10 -145.4
-80.1498 10 -146.75 -80.1498 10 -145.75
-80.1498 10 -147.1 -80.1498 10 -146.1
-80.1498 10 -147.45 -80.1498 10 -146.45
-80.4998 10 -147.8 -80.4998 10 -146.8
-80.8498 10 -148.15 -80.8498 10 -147.15
-81.1998 10 -148.5 -81.1998 10 -147.5
-81.5498 10 -148.85 -81.5498 10 -147.85
-81.8998 10 -149.2 -81.8998 10 -148.2
-82.2498 10 -149.55 -82.2498 10 -148.55
-82.5998 10 -149.9 -82.5998 10 -148.9
-82.9498 10 -150.25 -82.9498 10 -149.25
-83.2998 10 -150.6 -83.2998 10 -149.6
-83.6498 10 -150.95 -83.6498 10 -149.95
-83.9998 10 -151.3 -83.9998 10 -150.3
-84.3498 10 -151.65 -84.3498 10 -150.65
-84.6998 10 -152 -84.6998 10 -151
-85.0498 10 -152.35 -85.0498 10 -151.35
-85.3998 10 -152.7 -85.3998 10 -151.7
-85.7498 10 -153.05 -85.7498 10 -152.05
-86.0998 10 -153.4 -86.0998 10 -152.4
-86.4498 10 -153.75 -86.4498 10 -152.75
-86.7998 10 -154.1 -86.7998 10 -153.1
-87.1498 10 -154.45 -87.1498 10 -153.45
-87.4998 10 -154.8 -87.4998 10 -153.8
-87.8498 10 -155.15 -87.8498 10 -154.15
-88.1998 10 -155.5 -88.1998 10 -154.5
-88.5498 10 -155.5 -88.5498 10 -154.5
-88.8998 10 -155.5 -88.8998 10 -154.5
-89.2498 10 -155.5 -89.2498 10 -154.5
-89.5998 10 -155.5 -89.5998 10 -154.5
-89.9498 10 -155.5 -89.9498 10 -154.5
-90.2998 10 -155.5 -90.2998 10 -154.5
-90.6498 10 -155.5 -90.6498 10 -154.5
-90.9998 10 -155.5 -90.9998 10 -154.5
-91.3498 10 -155.5 -91.3498 10 -154.5
-91.6998 10 -155.5 -91.6998 10 -154.5
-92.0498 10 -155.5 -92.0498 10 -154.5
-92.3998 10 -155.5 -92.3998 10 -154.5
-92.7498 10 -155.5 -92.7498 10 -154.5
-93.0998 10 -155.5 -93.0998 10 -154.5
-93.4498 10 -155.5 -93.4498 10 -154.5
-93.7998 10 -155.5 -93.7998 10 -154.5
-94.1498 10 -155.5 -94.1498 10 -154.5
-94.4998 10 -155.5 -94.4998 10 -154.5
-94.8498 10 -155.5 -94.8498 10 -154.5
-95.1998 10 -155.5 -95.1998 10 -154.5
-95.5498 10 -155.5 -95.5498 10 -154.5
-95.8997 10 -155.5 -95.8997 10 -154.5
-96.2497 10 -155.5 -96.2497 10 -154.5
-96.5997 10 -155.5 -96.5997 10 -154.5
-96.9497 10 -155.5 -96.9497 10 -154.5
-97.2997 10 -155.5 -97.2997 10 -154.5
-97.6497 10 -155.5 -97.6497 10 -154.5
-97.9997 10 -155.5 -97.9997 10 -154.5
-98.3497 10 -155.5 -98.3497 10 -154.5
-98.6997 10 -155.5 -98.6997 10 -154.5
-99.0497 10 -155.5 -99.0497 10 -154.5
-99.3997 10 -155.5 -99.3997 10 -154.5
-99.7497 10 -155.5 -99.7497 10 -154.5
-100.1 10 -155.5 -100.1 10 -154.5
-100.45 10 -155.5 -100.45 10 -154.5
-100.8 10 -155.5 -100.8 10 -154.5
-101.15 10 -155.5 -101.15 10 -154.5
-101.5 10 -155.5 -101.5 10 -154.5
-101.85 10 -155.5 -101.85 10 -154.5
-102.2 10 -155.5 -102.2 10 -154.5
-102.55 10 -155.5 -102.55 10 -154.5
-102.9 10 -155.5 -102.9 10 -154.5
-103.25 10 -155.5 -103.25 10 -154.5
-103.6 10 -155.5 -103.6 10 -154.5
-103.95 10 -155.5 -103.95 10 -154.5
-104.3 10 -155.5 -104.3 10 -154.5
-104.65 10 -155.5 -104.65 10 -154.5
-105 10 -155.5 -105 10 -154.5
-105.35 10 -155.5 -105.35 10 -154.5
-105.7 10 -155.5 -105.7 10 -154.5
-106.05 10 -155.5 -106.05 10 -154.5
-106.4 10 -155.5 -106.4 10 -154.5
-106.75 10 -155.5 -106.75 10 -154.5
-107.1 10 -155.5 -107.1 10 -154.5
-107.45 10 -155.5 -107.45 10 -154.5
-107.8 10 -155.5 -107.8 10 -154.5
-108.15 10 -155.5 -108.15 10 -154.5
-108.5 10 -155.5 -108.5 10 -154.5
-108.85 10 -155.5 -108.85 10 -154.5
-109.2 10 -155.5 -109.2 10 -154.5
-109.55 10 -155.5 -109.55 10 -154.5
-109.9 10 -155.5 -109.9 10 -154.5
-110.25 10 -155.5 -110.25 10 -154.5
-110.6 10 -155.5 -110.6 10 -154.5
-110.95 10 -155.5 -110.95 10 -154.5
-111.3 10 -155.5 -111.3 10 -154.5
-111.65 10 -155.5 -111.65 10 -154.5
-112 10 -155.5 -112 10 -154.5
-112.35 10 -155.5 -112.35 10 -154.5
-112.7 10 -155.5 -112.7 10 -154.5
-113.05 10 -155.5 -113.05 10 -154.5
-113.4 10 -155.5 -113.4 10 -154.5
-113.75 10 -155.5 -113.75 10 -154.5
-114.1 10 -155.5 -114.1 10 -154.5
-114.45 10 -155.5 -114.45 10 -154.5
-114.8 10 -155.5 -114.8 10 -154.5
-115.15 10 -155.5 -115.15 10 -154.5
-115.5 10 -155.5 -115.5 10 -154.5
-115.85 10 -155.5 -115.85 10 -154.5
-116.2 10 -155.5 -116.2 10 -154.5
-116.55 10 -155.5 -116.55 10 -154.5
-116.9 10 -155.5 -116.9 10 -154.5
-117.25 10 -155.5 -117.25 10 -154.5
-117.6 10 -155.5 -117.6 10 -154.5
-117.95 10 -155.5 -117.95 10 -154.5
-118.3 10 -155.5 -118.3 10 -154.5
-118.65 10 -155.5 -118.65 10 -154.5
-119 10 -155.5 -119 10 -154.5
-119.35 10 -155.5 -119.35 10 -154.5
-119.7 10 -155.5 -119.7 10 -154.5
-120.05 10 -155.5 -120.05 10 -154.5
-120.4 10 -155.5 -120.4 10 -154.5
-120.75 10 -155.5 -120.75 10 -154.5
-121.1 10 -155.5 -121.1 10 -154.5
-121.45 10 -155.5 -121.45 10 -154.5
-121.8 10 -155.5 -121.8 10 -154.5
-122.15 10 -155.5 -122.15 10 -154.5
-122.5 10 -155.5 -122.5 10 -154.5
-122.85 10 -155.5 -122.85 10 -154.5
-123.2 10 -155.5 -123.2 10 -154.5
-123.55 10 -155.5 -123.55 10 -154.5
-123.9 10 -155.5 -123.9 10 -154.5
-124.25 10 -155.5 -124.25 10 -154.5
-124.6 10 -155.5 -124.6 10 -154.5
-124.95 10 -155.5 -124.95 10 -154.5
-125.3 10 -155.5 -125.3 10 -154.5
-125.65 10 -155.5 -125.65 10 -154.5
-126 10 -155.5 -126 10 -154.5
-126.35 10 -155.5 -126.35 10 -154.5
-126.7 10 -155.5 -126.7 10 -154.5
-127.05 10 -155.5 -127.05 10 -154.5
-127.4 10 -155.5 -127.4 10 -154.5
-127.75 10 -155.5 -127.75 10 -154.5
-128.1 10 -155.5 -128.1 10 -154.5
-128.45 10 -155.5 -128.45 10 -154.5
-128.8 10 -155.5 -128.8 10 -154.5
-129.15 10 -155.5 -129.15 10 -154.5
-129.5 10 -155.5 -129.5 10 -154.5
-129.85 10 -155.5 -129.85 10 -154.5
-130.2 10 -155.5 -130.2 10 -154.5
-130.55 10 -155.5 -130.55 10 -154.5
-130.9 10 -155.5 -130.9 10 -154.5
-131.25 10 -155.5 -131.25 10 -154.5
-131.6 10 -155.5 -131.6 10 -154.5
-131.95 10 -155.5 -131.95 10 -154.5
-132.3 10 -155.5 -132.3 10 -154.5
-132.65 10 -155.5 -132.65 10 -154.5
-133 10 -155.5 -133 10 -154.5
-133.35 10 -155.5 -133.35 10 -154.5
-133.7 10 -155.5 -133.7 10 -154.5
-134.05 10 -155.5 -134.05 10 -154.5
-134.4 10 -155.5 -134.4 10 -154.5
-134.75 10 -155.5 -134.75 10 -154.5
-135.1 10 -155.5 -135.1 10 -154.5
-135.45 10 -155.5 -135.45 10 -154.5
-135.8 10 -155.5 -135.8 10 -154.5
-136.15 10 -155.5 -136.15 10 -154.5
-136.5 10 -155.5 -136.5 10 -154.5
-136.85 10 -155.5 -136.85 10 -154.5
-137.2 10 -155.5 -137.2 10 -154.5
-137.55 10 -155.5 -137.55 10 -154.5
-137.9 10 -155.5 -137.9 10 -154.5
-138.25 10 -155.5 -138.25 10 -154.5
-138.6 10 -155.5 -138.6 10 -154.5
-138.95 10 -155.5 -138.95 10 -154.5
-139.3 10 -155.5 -139.3 10 -154.5
-139.65 10 -155.5 -139.65 10 -154.5
-140 10 -155.5 -140 10 -154.5
-140.35 10 -155.5 -140.35 10 -154.5
-140.7 10 -155.5 -140.7 10 -154.5
-141.05 10 -155.5 -141.05 10 -154.5
-141.4 10 -155.5 -141.4 10 -154.5
-141.75 10 -155.5 -141.75 10 -154.5
-142.1 10 -155.5 -142.1 10 -154.5
-142.45 10 -155.5 -142.45 10 -154.5
-142.8 10 -155.5 -142.8 10 -154.5
-143.15 10 -155.5 -143.15 10 -154.5
-143.5 10 -155.5 -143.5 10 -154.5
-143.85 10 -155.5 -143.85 10 -154.5
-144.2 10 -155.5 -144.2 10 -154.5
-144.55 10 -155.5 -144.55 10 -154.5
-144.9 10 -155.5 -144.9 10 -154.5
-145.25 10 -155.5 -145.25 10 -154.5
-145.6 10 -155.5 -145.6 10 -154.5
-145.95 10 -155.5 -145.95 10 -154.5
-146.3 10 -155.5 -146.3 10 -154.5
-146.65 10 -155.5 -146.65 10 -154.5
-147 10 -155.5 -147 10 -154.5
-147.35 10 -155.5 -147.35 10 -154.5
-147.7 10 -155.5 -147.7 10 -154.5
-148.05 10 -155.5 -148.05 10 -154.5
-148.4 10 -155.5 -148.4 10 -154.5
-148.75 10 -155.5 -148.75 10 -154.5
-149.1 10 -155.5 -149.1 10 -154.5
-149.45 10 -155.5 -149.45 10 -154.5
-149.8 10 -155.5 -149.8 10 -154.5
-150.15 10 -155.5 -150.15 10 -154.5
-150.5 10 -155.5 -150.5 10 -154.5
-150.85 10 -155.5 -150.85 10 -154.5
-151.2 10 -155.5 -151.2 10 -154.5
-151.55 10 -155.5 -151.55 10 -154.5
-151.9 10 -155.5 -151.9 10 -154.5
-152.25 10 -155.5 -152.25 10 -154.5
-152.6 10 -155.5 -152.6 10 -154.5
-152.95 10 -155.5 -152.95 10 -154.5
-153.3 10 -155.5 -153.3 10 -154.5
-153.65 10 -155.5 -153.65 10 -154.5
-154 10 -155.5 -154 10 -154.5
-154.35 10 -155.5 -154.35 10 -154.5
-154.7 10 -155.5 -154.7 10 -154.5
-155.05 10 -155.5 -155.05 10 -154.5
-155.4 10 -155.5 -155.4 10 -154.5
-155.75 10 -155.5 -155.75 10 -154.5
-156.1 10 -155.5 -156.1 10 -154.5
-156.45 10 -155.5 -156.45 10 -154.5
-156.8 10 -155.5 -156.8 10 -154.5
-157.15 10 -155.5 -157.15 10 -154.5
-157.5 10 -155.5 -157.5 10 -154.5
-157.85 10 -155.5 -157.85 10 -154.5
-158.2 10 -155.5 -158.2 10 -154.5
-158.55 10 -155.5 -158.55 10 -154.5
-158.9 10 -155.5 -158.9 10 -154.5
-159.25 10 -155.5 -159.25 10 -154.5
-159.6 10 -155.5 -159.6 10 -154.5
-159.95 10 -155.5 -159.95 10 -154.5
-160.3 10 -155.5 -160.3 10 -154.5
-160.65 10 -155.5 -160.65 10 -154.5
-161 10 -155.5 -161 10 -154.5
-161.35 10 -155.5 -161.35 10 -154.5
-161.7 10 -155.5 -161.7 10 -154.5
-162.05 10 -155.5 -162.05 10 -154.5
-162.4 10 -155.5 -162.4 10 -154.5
-162.75 10 -155.5 -162.75 10 -154.5
-163.1 10 -155.5 -163.1 10 -154.5
-163.45 10 -155.5 -163.45 10 -154.5
-163.8 10 -155.5 -163.8 10 -154.5
-164.15 10 -155.5 -164.15 10 -154.5
-164.5 10 -155.5 -164.5 10 -154.5
-164.85 10 -155.5 -164.85 10 -154.5
-165.2 10 -155.5 -165.2 10 -154.5
-165.55 10 -155.5 -165.55 10 -154.5
-165.9 10 -155.5 -165.9 10 -154.5
-166.25 10 -155.5 -166.25 10 -154.5
-166.6 10 -155.5 -166.6 10 -154.5
-166.95 10 -155.5 -166.95 10 -154.5
-167.3 10 -155.5 -167.3 10 -154.5
-167.65 10 -155.5 -167.65 10 -154.5
-168 10 -155.5 -168 10 -154.5
-168.35 10 -155.5 -168.35 10 -154.5
-168.7 10 -155.5 -168.7 10 -154.5
-169.05 10 -155.5 -169.05 10 -154.5
-169.4 10 -155.5 -169.4 10 -154.5
-169.75 10 -155.5 -169.75 10 -154.5
-170.1 10 -155.5 -170.1 10 -154.5
-170.45 10 -155.5 -170.45 10 -154.5
-170.8 10 -155.5 -170.8 10 -154.5
-171.15 10 -155.5 -171.15 10 -154.5
-171.5 10 -155.5 -171.5 10 -154.5
-171.85 10 -155.5 -171.85 10 -154.5
-172.2 10 -155.5 -172.2 10 -154.5
-172.55 10 -155.5 -172.55 10 -154.5
-172.9 10 -155.5 -172.9 10 -154.5
-173.25 10 -155.5 -173.25 10 -154.5
-173.6 10 -155.5 -173.6 10 -154.5
-173.95 10 -155.5 -173.95 10 -154.5
-174.3 10 -155.5 -174.3 10 -154.5
-174.65 10 -155.5 -174.65 10 -154.5
-175 10 -155.5 -175 10 -154.5
-175.35 10 -155.5 -175.35 10 -154.5
-175.7 10 -155.5 -175.7 10 -154.5
-176.05 10 -155.5 -176.05 10 -154.5
-176.4 10 -155.5 -176.4 10 -154.5
-176.75 10 -155.5 -176.75 10 -154.5
-177.1 10 -155.5 -177.1 10 -154.5
-177.45 10 -155.5 -177.45 10 -154.5
-177.8 10 -155.5 -177.8 10 -154.5
-178.15 10 -155.5 -178.15 10 -154.5
-178.5 10 -155.5 -178.5 10 -154.5
-178.85 10 -155.5 -178.85 10 -154.5
-179.201 10 -155.5 -179.201 10 -154.5
-179.551 10 -155.5 -179.551 10 -154.5
-179.901 10 -155.5 -179.901 10 -154.5
-180.251 10 -155.5 -180.251 10 -154.5
-180.601 10 -155.5 -180.601 10 -154.5
-180.951 10 -155.5 -180.951 10 -154.5
-181.301 10 -155.5 -181.301 10 -154.5
-181.651 10 -155.5 -181.651 10 -154.5
-182.001 10 -155.5 -182.001 10 -154.5
-182.351 10 -155.5 -182.351 10 -154.5
-182.701 10 -155.5 -182.701 10 -154.5
-183.051 10 -155.5 -183.051 10 -154.5
-183.401 10 -155.5 -183.401 10 -154.5
-183.751 10 -155.5 -183.751 10 -154.5
-184.101 10 -155.5 -184.101 10 -154.5
-184.451 10 -155.5 -184.451 10 -154.5
-184.801 10 -155.5 -184.801 10 -154.5
-185.151 10 -155.5 -185.151 10 -154.5
-185.501 10 -155.5 -185.501 10 -154.5
-185.851 10 -155.5 -185.851 10 -154.5
-186.201 10 -155.5 -186.201 10 -154.5
-186.551 10 -155.5 -186.551 10 -154.5
-186.901 10 -155.5 -186.901 10 -154.5
-187.251 10 -155.5 -187.251 10 -154.5
-187.601 10 -155.5 -187.601 10 -154.5
-187.951 10 -155.5 -187.951 10 -154.5
-188.301 10 -155.5 -188.301 10 -154.5
-188.651 10 -155.5 -188.651 10 -154.5
-189.001 10 -155.5 -189.001 10 -154.5
-189.351 10 -155.5 -189.351 10 -154.5
-189.701 10 -155.5 -189.701 10 -154.5
-190.051 10 -155.5 -190.051 10 -154.5
-190.401 10 -155.5 -190.401 10 -154.5
-190.751 10 -155.5 -190.751 10 -154.5
-191.101 10 -155.5 -191.101 10 -154.5
-191.451 10 -155.5 -191.451 10 -154.5
-191.801 10 -155.5 -191.801 10 -154.5
-192.151 10 -155.5 -192.151 10 -154.5
-192.501 10 -155.5 -192.501 10 -154.5
-192.851 10 -155.5 -192.851 10 -154.5
-193.201 10 -155.5 -193.201 10 -154.5
-193.551 10 -155.5 -193.551 10 -154.5
-193.901 10 -155.5 -193.901 10 -154.5
-194.251 10 -155.5 -194.251 10 -154.5
-194.601 10 -155.5 -194.601 10 -154.5
-194.951 10 -155.5 -194.951 10 -154.5
-195.301 10 -155.5 -195.301 10 -154.5
-195.651 10 -155.5 -195.651 10 -154.5
-196.001 10 -155.5 -196.001 10 -154.5
-196.351 10 -155.5 -196.351 10 -154.5
-196.701 10 -155.5 -196.701 10 -154.5
-197.051 10 -155.5 -197.051 10 -154.5
-197.401 10 -155.5 -197.401 10 -154.5
-197.751 10 -155.5 -197.751 10 -154.5
-198.101 10 -155.5 -198.101 10 -154.5
-198.451 10 -155.5 -198.451 10 -154.5
-198.801 10 -155.5 -198.801 10 -154.5
-199.151 10 -155.5 -199.151 10 -154.5
-199.501 10 -155.5 -199.501 10 -154.5
-199.851 10 -155.5 -199.851 10 -154.5
-200.201 10 -155.5 -200.201 10 -154.5
-200.551 10 -155.5 -200.551 10 -154.5
-200.901 10 -155.5 -200.901 10 -154.5
-201.251 10 -155.5 -201.251 10 -154.5
-201.601 10 -155.5 -201.601 10 -154.5
-201.951 10 -155.5 -201.951 10 -154.5
-202.301 10 -155.5 -202.301 10 -154.5
-202.651 10 -155.5 -202.651 10 -154.5
-203.001 10 -155.5 -203.001 10 -154.5
-203.351 10 -155.5 -203.351 10 -154.5
-203.701 10 -155.5 -203.701 10 -154.5
-204.051 10 -155.5 -204.051 10 -154.5
-204.401 10 -155.5 -204.401 10 -154.5
-204.751 10 -155.5 -204.751 10 -154.5
-205.101 10 -155.5 -205.101 10 -154.5
-205.451 10 -155.5 -205.451 10 -154.5
-205.801 10 -155.5 -205.801 10 -154.5
-206.151 10 -155.5 -206.151 10 -154.5
-206.501 10 -155.5 -206.501 10 -154.5
-206.851 10 -155.5 -206.851 10 -154.5
-207.201 10 -155.5 -207.201 10 -154.5
-207.551 10 -155.5 -207.551 10 -154.5
-207.901 10 -155.5 -207.901 10 -154.5
-208.251 10 -155.5 -208.251 10 -154.5
-208.601 10 -155.5 -208.601 10 -154.5
-208.951 10 -155.5 -208.951 10 -154.5
-209.301 10 -155.5 -209.301 10 -154.5
-209.651 10 -155.5 -209.651 10 -154.5
-210.001 10 -155.5 -210.001 10 -154.5
-210.351 10 -155.5 -210.351 10 -154.5
-210.701 10 -155.5 -210.701 10 -154.5
-211.051 10 -155.5 -211.051 10 -154.5
-211.401 10 -155.5 -211.401 10 -154.5
-211.751 10 -155.5 -211.751 10 -154.5
-212.101 10 -155.5 -212.101 10 -154.5
-212.451 10 -155.5 -212.451 10 -154.5
-212.801 10 -155.5 -212.801 10 -154.5
-213.151 10 -155.5 -213.151 10 -154.5
-213.501 10 -155.5 -213.501 10 -154.5
-213.851 10 -155.5 -213.851 10 -154.5
-214.201 10 -155.5 -214.201 10 -154.5
-214.551 10 -155.5 -214.551 10 -154.5
-214.901 10 -155.5 -214.901 10 -154.5
-215.251 10 -155.5 -215.251 10 -154.5
-215.601 10 -155.5 -215.601 10 -154.5
-215.951 10 -155.5 -215.951 10 -154.5
-216.301 10 -155.5 -216.301 10 -154.5
-216.651 10 -155.5 -216.651 10 -154.5
-217.001 10 -155.5 -217.001 10 -154.5
-217.351 10 -155.5 -217.351 10 -154.5
-217.701 10 -155.5 -217.701 10 -154.5
-218.051 10 -155.5 -218.051 10 -154.5
-218.401 10 -155.5 -218.401 10 -154.5
-218.751 10 -155.5 -218.751 10 -154.5
-219.101 10 -155.5 -219.101 10 -154.5
-219.451 10 -155.5 -219.451 10 -154.5
-219.801 10 -155.5 -219.801 10 -154.5
-220.151 10 -155.5 -220.151 10 -154.5
-220.501 10 -155.5 -220.501 10 -154.5
-220.851 10 -155.5 -220.851 10 -154.5
-221.201 10 -155.5 -221.201 10 -154.5
-221.551 10 -155.5 -221.551 10 -154.5
-221.901 10 -155.5 -221.901 10 -154.5
-222.251 10 -155.5 -222.251 10 -154.5
-222.601 10 -155.5 -222.601 10 -154.5
-222.951 10 -155.5 -222.951 10 -154.5
-223.301 10 -155.5 -223.301 10 -154.5
-223.651 10 -155.5 -223.651 10 -154.5
-224.001 10 -155.5 -224.001 10 -154.5
-224.351 10 -155.5 -224.351 10 -154.5
-224.701 10 -155.5 -224.701 10 -154.5
-225.051 10 -155.5 -225.051 10 -154.5
-225.401 10 -155.5 -225.401 10 -154.5
-225.751 10 -155.5 -225.751 10 -154.5
-226.101 10 -155.5 -226.101 10 -154.5
-226.451 10 -155.5 -226.451 10 -154.5
-226.801 10 -155.5 -226.801 10 -154.5
-227.151 10 -155.5 -227.151 10 -154.5
-227.501 10 -155.5 -227.501 10 -154.5
-227.851 10 -155.5 -227.851 10 -154.5
-228.201 10 -155.5 -228.201 10 -154.5
-228.551 10 -155.5 -228.551 10 -154.5
-228.901 10 -155.5 -228.901 10 -154.5
-229.251 10 -155.5 -229.251 10 -154.5
-229.601 10 -155.5 -229.601 10 -154.5
-229.951 10 -155.5 -229.951 10 -154.5
-230.301 10 -155.5 -230.301 10 -154.5
-230.651 10 -155.5 -230.651 10 -154.5
-231.001 10 -155.5 -231.001 10 -154.5
-231.351 10 -155.5 -231.351 10 -154.5
-231.701 10 -155.5 -231.701 10 -154.5
-232.051 10 -155.5 -232.051 10 -154.5
-232.401 10 -155.5 -232.401 10 -154.5
-232.751 10 -155.5 -232.751 10 -154.5
-233.101 10 -155.5 -233.101 10 -154.5
-233.451 10 -155.5 -233.451 10 -154.5
-233.801 10 -155.5 -233.801 10 -154.5
-234.151 10 -155.5 -234.151 10 -154.5
-234.501 10 -155.5 -234.501 10 -154.5
-234.851 10 -155.5 -234.851 10 -154.5
-234.851 10 -155.5 -234.851 10 -154.5
-234.851 10 -155.5 -234.851 10 -154.5
-234.851 10 -155.5 -234.851 10 -154.5
-234.851 10 -155.15 -234.851 10 -154.15
-234.851 10 -154.8 -234.851 10 -153.8
-234.851 10 -154.45 -234.851 10 -153.45
-234.851 10 -154.1 -234.851 10 -153.1
-234.851 10 -153.75 -234.851 10 -152.75
-234.851 10 -153.4 -234.851 10 -152.4
-234.851 10 -153.05 -234.851 10 -152.05
-234.851 10 -152.7 -234.851 10 -151.7
-234.851 10 -152.35 -234.851 10 -151.35
-234.851 10 -152 -234.851 10 -151
-234.851 10 -151.65 -234.851 10 -150.65
-234.851 10 -151.3 -234.851 10 -150.3
-234.851 10 -150.95 -234.851 10 -149.95
-234.851 10 -150.6 -234.851 10 -149.6
-234.851 10 -150.25 -234.851 10 -149.25
-234.851 10 -149.9 -234.851 10 -148.9
-234.851 10 -149.55 -234.851 10 -148.55
-234.851 10 -149.2 -234.851 10 -148.2
-234.851 10 -148.85 -234.851 10 -147.85
-234.851 10 -148.5 -234.851 10 -147.5
-234.851 10 -148.15 -234.851 10 -147.15
-234.851 10 -147.8 -234.851 10 -146.8
-234.851 10 -147.45 -234.851 10 -146.45
-234.851 10 -147.1 -234.851 10 -146.1
-234.851 10 -146.75 -234.851 10 -145.75
-234.851 10 -146.4 -234.851 10 -145.4
-234.851 10 -146.05 -234.851 10 -145.05
-234.851 10 -145.7 -234.851 10 -144.7
-234.851 10 -145.35 -234.851 10 -144.35
-234.851 10 -145 -234.851 10 -144
-234.851 10 -144.65 -234.851 10 -143.65
-234.851 10 -144.3 -234.851 10 -143.3
-234.851 10 -143.95 -234.851 10 -142.95
-234.851 10 -143.6 -234.851 10 -142.6
-234.851 10 -143.25 -234.851 10 -142.25
-234.851 10 -142.9 -234.851 10 -141.9
-234.851 10 -142.55 -234.851 10 -141.55
-234.851 10 -142.2 -234.851 10 -141.2
-234.851 10 -141.85 -234.851 10 -140.85
-234.851 10 -141.5 -234.851 10 -140.5
-234.851 10 -141.15 -234.851 10 -140.15
-234.851 10 -140.8 -234.851 10 -139.8
-234.851 10 -140.45 -234.851 10 -139.45
-234.851 10 -140.1 -234.851 10 -139.1
-234.851 10 -139.75 -234.851 10 -138.75
-234.851 10 -139.4 -234.851 10 -138.4
-234.851 10 -139.05 -234.851 10 -138.05
-234.851 10 -138.7 -234.851 10 -137.7
-234.851 10 -138.35 -234.851 10 -137.35
-235.201 10 -138 -235.201 10 -137
-235.551 10 -137.65 -235.551 10 -136.65
-235.901 10 -137.3 -235.901 10 -136.3
-236.251 10 -136.95 -236.251 10 -135.95
-236.602 10 -136.6 -236.602 10 -135.6
-236.952 10 -136.25 -236.952 10 -135.25
-237.302 10 -135.9 -237.302 10 -134.9
-237.652 10 -135.55 -237.652 10 -134.55
-237.652 10 -135.2 -237.652 10 -134.2
-237.652 10 -134.85 -237.652 10 -133.85
-237.652 10 -134.5 -237.652 10 -133.5
-237.652 10 -134.15 -237.652 10 -133.15
-237.652 10 -133.8 -237.652 10 -132.8
-237.652 10 -133.45 -237.652 10 -132.45
-237.652 10 -133.1 -237.652 10 -132.1
-237.652 10 -132.75 -237.652 10 -131.75
-237.652 10 -132.4 -237.652 10 -131.4
-237.652 10 -132.05 -237.652 10 -131.05
-237.652 10 -131.7 -237.652 10 -130.7
-237.652 10 -131.35 -237.652 10 -130.35
-237.652 10 -131 -237.652 10 -130
-237.652 10 -130.65 -237.652 10 -129.65
-237.652 10 -130.3 -237.652 10 -129.3
-237.652 10 -129.95 -237.652 10 -128.95
-237.652 10 -129.6 -237.652 10 -128.6
-237.652 10 -129.25 -237.652 10 -128.25
-237.652 10 -128.9 -237.652 10 -127.9
-237.652 10 -128.55 -237.652 10 -127.55
-237.652 10 -128.2 -237.652 10 -127.2
-237.652 10 -127.85 -237.652 10 -126.85
-237.652 10 -127.5 -237.652 10 -126.5
-237.652 10 -127.15 -237.652 10 -126.15
-237.652 10 -126.8 -237.652 10 -125.8
-237.652 10 -126.45 -237.652 10 -125.45
-237.652 10 -126.1 -237.652 10 -125.1
-237.652 10 -125.75 -237.652 10 -124.75
-237.652 10 -125.4 -237.652 10 -124.4
-237.652 10 -125.05 -237.652 10 -124.05
-237.652 10 -124.7 -237.652 10 -123.7
-237.652 10 -124.35 -237.652 10 -123.35
-237.652 10 -124 -237.652 10 -123
-237.652 10 -123.65 -237.652 10 -122.65
-237.652 10 -123.3 -237.652 10 -122.3
-237.652 10 -122.95 -237.652 10 -121.95
-237.652 10 -122.6 -237.652 10 -121.6
-237.652 10 -122.25 -237.652 10 -121.25
-237.652 10 -121.9 -237.652 10 -120.9
-237.652 10 -121.55 -237.652 10 -120.55
-237.652 10 -121.2 -237.652 10 -120.2
-237.652 10 -120.85 -237.652 10 -119.85
-237.652 10 -120.5 -237.652 10 -119.5
-237.652 10 -120.15 -237.652 10 -119.15
-237.652 10 -119.8 -237.652 10 -118.8
-237.652 10 -119.45 -237.652 10 -118.45
-237.652 10 -119.1 -237.652 10 -118.1
-237.652 10 -118.75 -237.652 10 -117.75
-237.652 10 -118.4 -237.652 10 -117.4
-237.652 10 -118.05 -237.652 10 -117.05
-237.652 10 -117.7 -237.652 10 -116.7
-237.652 10 -117.35 -237.652 10 -116.35
-237.652 10 -117 -237.652 10 -116
-237.652 10 -116.65 -237.652 10 -115.65
-237.652 10 -116.3 -237.652 10 -115.3
-237.652 10 -115.95 -237.652 10 -114.95
-237.652 10 -115.6 -237.652 10 -114.6
-237.652 10 -115.25 -237.652 10 -114.25
-237.652 10 -114.9 -237.652 10 -113.9
-237.652 10 -114.55 -237.652 10 -113.55
-237.652 10 -114.2 -237.652 10 -113.2
-237.652 10 -113.85 -237.652 10 -112.85
-237.652 10 -113.5 -237.652 10 -112.5
-237.652 10 -113.15 -237.652 10 -112.15
-237.652 10 -112.8 -237.652 10 -111.8
-237.652 10 -112.45 -237.652 10 -111.45
-237.652 10 -112.1 -237.652 10 -111.1
-237.652 10 -111.75 -237.652 10 -110.75
-237.652 10 -111.4 -237.652 10 -110.4
-237.652 10 -111.05 -237.652 10 -110.05
-237.652 10 -110.7 -237.652 10 -109.7
-237.652 10 -110.35 -237.652 10 -109.35
-237.652 10 -110 -237.652 10 -109
-237.652 10 -109.65 -237.652 10 -108.65
-237.652 10 -109.3 -237.652 10 -108.3
-237.652 10 -108.95 -237.652 10 -107.95
-237.652 10 -108.6 -237.652 10 -107.6
-237.652 10 -108.25 -237.652 10 -107.25
-237.652 10 -107.9 -237.652 10 -106.9
-237.652 10 -107.55 -237.652 10 -106.55
-237.652 10 -107.2 -237.652 10 -106.2
-237.652 10 -106.85 -237.652 10 -105.85
-237.652 10 -106.5 -237.652 10 -105.5
-237.652 10 -106.15 -237.652 10 -105.15
-237.652 10 -105.8 -237.652 10 -104.8
-237.652 10 -105.45 -237.652 10 -104.45
-237.652 10 -105.1 -237.652 10 -104.1
-237.652 10 -104.75 -237.652 10 -103.75
-237.652 10 -104.4 -237.652 10 -103.4
-237.652 10 -104.05 -237.652 10 -103.05
-237.652 10 -103.7 -237.652 10 -102.7
-237.652 10 -103.35 -237.652 10 -102.35
-237.652 10 -103 -237.652 10 -102
-237.652 10 -102.65 -237.652 10 -101.65
-237.652 10 -102.3 -237.652 10 -101.3
-237.652 10 -101.95 -237.652 10 -100.95
-237.652 10 -101.6 -237.652 10 -100.6
-237.652 10 -101.25 -237.652 10 -100.25
-237.652 10 -100.9 -237.652 10 -99.8997
-237.652 10 -100.55 -237.652 10 -99.5497
-237.652 10 -100.2 -237.652 10 -99.1997
-237.652 10 -99.8497 -237.652 10 -98.8497
-237.652 10 -99.4997 -237.652 10 -98.4997
-237.652 10 -99.1497 -237.652 10 -98.1497
-237.652 10 -98.7997 -237.652 10 -97.7997
-237.652 10 -98.4497 -237.652 10 -97.4497
-237.652 10 -98.0997 -237.652 10 -97.0997
-237.652 10 -97.7497 -237.652 10 -96.7497
-237.652 10 -97.3997 -237.652 10 -96.3997
-237.652 10 -97.0498 -237.652 10 -96.0497
-237.652 10 -96.6998 -237.652 10 -95.6997
-237.652 10 -96.3498 -237.652 10 -95.3497
-237.652 10 -95.9998 -237.652 10 -94.9997
-237.652 10 -95.6498 -237.652 10 -94.6497
-237.652 10 -95.2998 -237.652 10 -94.2998
-237.652 10 -94.9498 -237.652 10 -93.9498
-237.652 10 -94.5998 -237.652 10 -93.5998
-237.652 10 -94.2498 -237.652 10 -93.2498
-237.652 10 -93.8998 -237.652 10 -92.8998
-237.652 10 -93.5498 -237.652 10 -92.5498
-237.652 10 -93.1998 -237.652 10 -92.1998
-237.652 10 -92.8498 -237.652 10 -91.8498
-237.652 10 -92.4998 -237.652 10 -91.4998
-237.652 10 -92.1498 -237.652 10 -91.1498
-237.652 10 -91.7998 -237.652 10 -90.7998
-237.652 10 -91.4498 -237.652 10 -90.4498
-237.652 10 -91.0998 -237.652 10 -90.0998
-237.652 10 -90.7498 -237.652 10 -89.7498
-237.652 10 -90.3998 -237.652 10 -89.3998
-237.652 10 -90.0498 -237.652 10 -89.0498
-237.652 10 -89.6998 -237.652 10 -88.6998
-237.652 10 -89.3498 -237.652 10 -88.3498
-237.652 10 -88.9998 -237.652 10 -87.9998
-237.652 10 -88.6498 -237.652 10 -87.6498
-237.652 10 -88.2998 -237.652 10 -87.2998
-237.652 10 -87.9498 -237.652 10 -86.9498
-237.652 10 -87.5998 -237.652 10 -86.5998
-237.652 10 -87.2498 -237.652 10 -86.2498
-237.652 10 -86.8998 -237.652 10 -85.8998
-237.652 10 -86.5498 -237.652 10 -85.5498
-237.652 10 -86.1998 -237.652 10 -85.1998
-237.652 10 -85.8498 -237.652 10 -84.8498
-237.652 10 -85.4998 -237.652 10 -84.4998
-237.652 10 -85.1498 -237.652 10 -84.1498
-237.652 10 -84.7998 -237.652 10 -83.7998
-237.652 10 -84.4498 -237.652 10 -83.4498
-237.652 10 -84.0998 -237.652 10 -83.0998
-237.652 10 -83.7498 -237.652 10 -82.7498
-237.652 10 -83.3998 -237.652 10 -82.3998
-237.652 10 -83.0498 -237.652 10 -82.0498
-237.652 10 -82.6998 -237.652 10 -81.6998
-237.652 10 -82.3498 -237.652 10 -81.3498
-237.652 10 -81.9998 -237.652 10 -80.9998
-237.652 10 -81.6498 -237.652 10 -80.6498
-237.652 10 -81.2998 -237.652 10 -80.2998
-237.652 10 -80.9498 -237.652 10 -79.9498
-237.652 10 -80.5998 -237.652 10 -79.5998
-237.652 10 -80.2498 -237.652 10 -79.2498
-237.652 10 -79.8998 -237.652 10 -78.8998
-237.652 10 -79.5498 -237.652 10 -78.5498
-237.652 10 -79.1998 -237.652 10 -78.1998
-237.652 10 -78.8498 -237.652 10 -77.8498
-237.652 10 -78.4998 -237.652 10 -77.4998
-237.652 10 -78.1498 -237.652 10 -77.1498
-237.652 10 -77.7998 -237.652 10 -76.7998
-237.652 10 -77.4498 -237.652 10 -76.4498
-237.652 10 -77.0998 -237.652 10 -76.0998
-237.652 10 -76.7498 -237.652 10 -75.7498
-237.652 10 -76.7498 -237.652 10 -75.7498
-237.652 10 -76.7498 -237.652 10 -75.7498
-237.652 10 -76.7498 -237.652 10 -75.7498
-237.652 10 -76.7498 -237.652 10 -75.7498
-238.002 10 -76.7498 -238.002 10 -75.7498
-238.352 10 -76.7498 -238.352 10 -75.7498
-238.702 10 -76.7498 -238.702 10 -75.7498
-239.052 10 -76.7498 -239.052 10 -75.7498
-239.402 10 -76.7498 -239.402 10 -75.7498
-239.752 10 -76.7498 -239.752 10 -75.7498
-240.102 10 -76.7498 -240.102 10 -75.7498
-240.452 10 -76.7498 -240.452 10 -75.7498
-240.802 10 -76.7498 -240.802 10 -75.7498
-241.152 10 -76.7498 -241.152 10 -75.7498
-241.502 10 -76.7498 -241.502 10 -75.7498
-241.852 10 -76.7498 -241.852 10 -75.7498
-242.202 10 -76.7498 -242.202 10 -75.7498
-242.552 10 -76.7498 -242.552 10 -75.7498
-242.902 10 -76.7498 -242.902 10 -75.7498
-243.252 10 -76.7498 -243.252 10 -75.7498
-243.602 10 -76.7498 -243.602 10 -75.7498
-243.952 10 -76.7498 -243.952 10 -75.7498
-244.302 10 -76.7498 -244.302 10 -75.7498
-244.652 10 -76.7498 -244.652 10 -75.7498
-245.002 10 -76.7498 -245.002 10 -75.7498
-245.352 10 -76.7498 -245.352 10 -75.7498
-245.702 10 -76.7498 -245.702 10 -75.7498
-246.052 10 -76.7498 -246.052 10 -75.7498
-246.402 10 -76.7498 -246.402 10 -75.7498
-246.752 10 -76.7498 -246.752 10 -75.7498
-247.102 10 -76.7498 -247.102 10 -75.7498
-247.452 10 -76.7498 -247.452 10 -75.7498
-247.802 10 -76.7498 -247.802 10 -75.7498
-248.152 10 -76.7498 -248.152 10 -75.7498
-248.502 10 -76.7498 -248.502 10 -75.7498
-248.852 10 -76.7498 -248.852 10 -75.7498
-249.202 10 -76.7498 -249.202 10 -75.7498
-249.552 10 -76.7498 -249.552 10 -75.7498
-249.902 10 -76.7498 -249.902 10 -75.7498
-250.252 10 -76.7498 -250.252 10 -75.7498
-250.602 10 -76.7498 -250.602 10 -75.7498
-250.952 10 -76.7498 -250.952 10 -75.7498
-251.302 10 -76.7498 -251.302 10 -75.7498
-251.652 10 -76.7498 -251.652 10 -75.7498
-252.002 10 -76.7498 -252.002 10 -75.7498
-252.352 10 -76.7498 -252.352 10 -75.7498
-252.702 10 -76.7498 -252.702 10 -75.7498
-253.052 10 -76.7498 -253.052 10 -75.7498
-253.402 10 -76.7498 -253.402 10 -75.7498
-253.752 10 -76.7498 -253.752 10 -75.7498
-254.102 10 -76.7498 -254.102 10 -75.7498
-254.452 10 -76.7498 -254.452 10 -75.7498
-254.802 10 -76.7498 -254.802 10 -75.7498
-255.152 10 -76.7498 -255.152 10 -75.7498
-255.502 10 -76.7498 -255.502 10 -75.7498
-255.852 10 -76.7498 -255.852 10 -75.7498
-256.202 10 -76.7498 -256.202 10 -75.7498
-256.552 10 -76.7498 -256.552 10 -75.7498
-256.902 10 -76.7498 -256.902 10 -75.7498
-257.252 10 -76.7498 -257.252 10 -75.7498
-257.602 10 -76.7498 -257.602 10 -75.7498
-257.952 10 -76.7498 -257.952 10 -75.7498
-258.302 10 -76.7498 -258.302 10 -75.7498
-258.652 10 -76.7498 -258.652 10 -75.7498
-259.002 10 -76.7498 -259.002 10 -75.7498
-259.352 10 -76.7498 -259.352 10 -75.7498
-259.702 10 -76.7498 -259.702 10 -75.7498
-260.052 10 -76.7498 -260.052 10 -75.7498
-260.402 10 -76.7498 -260.402 10 -75.7498
-260.752 10 -76.7498 -260.752 10 -75.7498
-261.102 10 -76.7498 -261.102 10 -75.7498
-261.452 10 -76.7498 -261.452 10 -75.7498
-261.802 10 -76.7498 -261.802 10 -75.7498
-262.152 10 -76.7498 -262.152 10 -75.7498
-262.502 10 -76.7498 -262.502 10 -75.7498
-262.852 10 -76.7498 -262.852 10 -75.7498
-263.202 10 -76.7498 -263.202 10 -75.7498
-263.552 10 -76.7498 -263.552 10 -75.7498
-263.902 10 -76.7498 -263.902 10 -75.7498
-264.252 10 -76.7498 -264.252 10 -75.7498
-264.602 10 -76.7498 -264.602 10 -75.7498
-264.952 10 -76.7498 -264.952 10 -75.7498
-265.302 10 -76.7498 -265.302 10 -75.7498
-265.652 10 -76.7498 -265.652 10 -75.7498
-266.002 10 -76.7498 -266.002 10 -75.7498
-266.352 10 -76.7498 -266.352 10 -75.7498
-266.702 10 -76.7498 -266.702 10 -75.7498
-267.052 10 -76.7498 -267.052 10 -75.7498
-267.402 10 -76.7498 -267.402 10 -75.7498
-267.752 10 -76.7498 -267.752 10 -75.7498
-268.102 10 -76.7498 -268.102 10 -75.7498
-268.452 10 -76.7498 -268.452 10 -75.7498
-268.802 10 -76.7498 -268.802 10 -75.7498
-269.152 10 -76.7498 -269.152 10 -75.7498
-269.502 10 -76.7498 -269.502 10 -75.7498
-269.852 10 -76.7498 -269.852 10 -75.7498
-270.202 10 -76.7498 -270.202 10 -75.7498
-270.552 10 -76.7498 -270.552 10 -75.7498
-270.902 10 -76.7498 -270.902 10 -75.7498
-271.252 10 -76.7498 -271.252 10 -75.7498
-271.602 10 -76.7498 -271.602 10 -75.7498
-271.952 10 -76.7498 -271.952 10 -75.7498
-272.302 10 -76.7498 -272.302 10 -75.7498
-272.652 10 -76.7498 -272.652 10 -75.7498
-273.002 10 -76.7498 -273.002 10 -75.7498
-273.352 10 -76.7498 -273.352 10 -75.7498
-273.702 10 -76.7498 -273.702 10 -75.7498
-274.052 10 -76.7498 -274.052 10 -75.7498
-274.402 10 -76.7498 -274.402 10 -75.7498
-274.752 10 -76.7498 -274.752 10 -75.7498
-275.102 10 -76.7498 -275.102 10 -75.7498
-275.452 10 -76.7498 -275.452 10 -75.7498
-275.802 10 -76.7498 -275.802 10 -75.7498
-276.152 10 -76.7498 -276.152 10 -75.7498
-276.502 10 -76.7498 -276.502 10 -75.7498
-276.852 10 -76.7498 -276.852 10 -75.7498
-277.202 10 -76.7498 -277.202 10 -75.7498
-277.552 10 -76.7498 -277.552 10 -75.7498
-277.902 10 -76.7498 -277.902 10 -75.7498
-278.252 10 -76.7498 -278.252 10 -75.7498
-278.602 10 -76.7498 -278.602 10 -75.7498
-278.952 10 -76.7498 -278.952 10 -75.7498
-279.302 10 -76.7498 -279.302 10 -75.7498
-279.652 10 -76.7498 -279.652 10 -75.7498
-280.002 10 -76.7498 -280.002 10 -75.7498
-280.352 10 -76.7498 -280.352 10 -75.7498
-280.702 10 -76.7498 -280.702 10 -75.7498
-281.052 10 -76.7498 -281.052 10 -75.7498
-281.402 10 -76.7498 -281.402 10 -75.7498
-281.752 10 -76.7498 -281.752 10 -75.7498
-282.102 10 -76.7498 -282.102 10 -75.7498
-282.452 10 -76.7498 -282.452 10 -75.7498
-282.802 10 -76.7498 -282.802 10 -75.7498
-283.152 10 -76.7498 -283.152 10 -75.7498
-283.502 10 -76.7498 -283.502 10 -75.7498
-283.852 10 -76.7498 -283.852 10 -75.7498
-284.202 10 -76.7498 -284.202 10 -75.7498
-284.552 10 -76.7498 -284.552 10 -75.7498
-284.902 10 -76.7498 -284.902 10 -75.7498
-285.252 10 -76.7498 -285.252 10 -75.7498
-285.602 10 -76.7498 -285.602 10 -75.7498
-285.952 10 -76.7498 -285.952 10 -75.7498
-286.302 10 -76.7498 -286.302 10 -75.7498
-286.652 10 -76.7498 -286.652 10 -75.7498
-287.002 10 -76.7498 -287.002 10 -75.7498
-287.352 10 -76.7498 -287.352 10 -75.7498
-287.702 10 -76.7498 -287.702 10 -75.7498
-288.052 10 -76.7498 -288.052 10 -75.7498
-288.402 10 -76.7498 -288.402 10 -75.7498
-288.752 10 -76.7498 -288.752 10 -75.7498
-289.102 10 -76.7498 -289.102 10 -75.7498
-289.102 10 -76.7498 -289.102 10 -75.7498
-289.102 10 -76.7498 -289.102 10 -75.7498
-289.102 10 -76.7498 -289.102 10 -75.7498
-289.102 10 -76.7498 -289.102 10 -75.7498
-289.102 10 -76.7498 -289.102 10 -75.7498
-289.102 10 -76.7498 -289.102 10 -75.7498
-289.102 10 -76.7498 -289.102 10 -75.7498
-289.102 10 -76.3998 -289.102 10 -75.3998
-289.102 10 -76.0498 -289.102 10 -75.0498
-289.102 10 -75.6998 -289.102 10 -74.6998
-289.102 10 -75.3498 -289.102 10 -74.3498
-289.102 10 -74.9998 -289.102 10 -73.9998
-289.102 10 -74.6498 -289.102 10 -73.6498
-289.102 10 -74.2999 -289.102 10 -73.2998
-289.102 10 -73.9499 -289.102 10 -72.9498
-289.102 10 -73.5999 -289.102 10 -72.5998
-289.102 10 -73.2499 -289.102 10 -72.2498
-289.102 10 -72.8999 -289.102 10 -71.8998
-289.102 10 -72.5499 -289.102 10 -71.5499
-289.102 10 -72.1999 -289.102 10 -71.1999
-289.102 10 -71.8499 -289.102 10 -70.8499
-289.102 10 -71.4999 -289.102 10 -70.4999
-289.102 10 -71.1499 -289.102 10 -70.1499
-289.102 10 -70.7999 -289.102 10 -69.7999
-289.102 10 -70.4499 -289.102 10 -69.4499
-289.102 10 -70.0999 -289.102 10 -69.0999
-289.102 10 -69.7499 -289.102 10 -68.7499
-289.102 10 -69.3999 -289.102 10 -68.3999
-289.102 10 -69.0499 -289.102 10 -68.0499
-289.102 10 -68.6999 -289.102 10 -67.6999
-289.102 10 -68.3499 -289.102 10 -67.3499
-289.102 10 -67.9999 -289.102 10 -66.9999
-289.102 10 -67.6499 -289.102 10 -66.6499
-289.102 10 -67.2999 -289.102 10 -66.2999
-289.102 10 -66.9499 -289.102 10 -65.9499
-289.102 10 -66.5999 -289.102 10 -65.5999
-289.102 10 -66.2499 -289.102 10 -65.2499
-289.102 10 -65.8999 -289.102 10 -64.8999
-289.102 10 -65.5499 -289.102 10 -64.5499
-289.102 10 -65.1999 -289.102 10 -64.1999
-289.102 10 -64.8499 -289.102 10 -63.8499
-289.102 10 -64.4999 -289.102 10 -63.4999
-289.102 10 -64.1499 -289.102 10 -63.1499
-289.102 10 -63.7999 -289.102 10 -62.7999
-289.102 10 -63.4499 -289.102 10 -62.4499
-289.102 10 -63.0999 -289.102 10 -62.0999
-289.102 10 -62.7499 -289.102 10 -61.7499
-289.102 10 -62.3999 -289.102 10 -61.3999
-289.102 10 -62.0499 -289.102 10 -61.0499
-289.102 10 -61.6999 -289.102 10 -60.6999
-289.102 10 -61.3499 -289.102 10 -60.3499
-289.102 10 -60.9999 -289.102 10 -59.9999
-289.102 10 -60.6499 -289.102 10 -59.6499
-289.102 10 -60.2999 -289.102 10 -59.2999
-289.102 10 -59.9499 -289.102 10 -58.9499
-289.102 10 -59.5999 -289.102 10 -58.5999
-289.102 10 -59.2499 -289.102 10 -58.2499
-289.102 10 -58.8999 -289.102 10 -57.8999
-289.102 10 -58.5499 -289.102 10 -57.5499
-289.102 10 -58.1999 -289.102 10 -57.1999
-289.102 10 -57.8499 -289.102 10 -56.8499
-289.102 10 -57.4999 -289.102 10 -56.4999
-289.102 10 -57.1499 -289.102 10 -56.1499
-289.102 10 -56.7999 -289.102 10 -55.7999
-289.102 10 -56.4499 -289.102 10 -55.4499
-289.102 10 -56.0999 -289.102 10 -55.0999
-289.102 10 -55.7499 -289.102 10 -54.7499
-289.102 10 -55.3999 -289.102 10 -54.3999
-289.102 10 -55.0499 -289.102 10 -54.0499
-289.102 10 -54.6999 -289.102 10 -53.6999
-289.102 10 -54.3499 -289.102 10 -53.3499
-289.102 10 -53.9999 -289.102 10 -52.9999
-289.102 10 -53.6499 -289.102 10 -52.6499
-289.102 10 -53.2999 -289.102 10 -52.2999
-289.102 10 -52.9499 -289.102 10 -51.9499
-289.102 10 -52.5999 -289.102 10 -51.5999
-289.102 10 -52.2499 -289.102 10 -51.2499
-289.102 10 -51.8999 -289.102 10 -50.8999
-289.102 10 -51.5499 -289.102 10 -50.5499
-289.102 10 -51.2 -289.102 10 -50.1999
-289.102 10 -50.85 -289.102 10 -49.8499
-289.102 10 -50.5 -289.102 10 -49.4999
-289.102 10 -50.15 -289.102 10 -49.1499
-289.102 10 -49.8 -289.102 10 -48.7999
-289.102 10 -49.45 -289.102 10 -48.45
-289.102 10 -49.1 -289.102 10 -48.1
-289.102 10 -48.75 -289.102 10 -47.75
-289.102 10 -48.4 -289.102 10 -47.4
-289.102 10 -48.05 -289.102 10 -47.05
-289.102 10 -47.7 -289.102 10 -46.7
-289.102 10 -47.35 -289.102 10 -46.35
-289.102 10 -47 -289.102 10 -46
-289.102 10 -46.65 -289.102 10 -45.65
-289.102 10 -46.3 -289.102 10 -45.3
-289.102 10 -45.95 -289.102 10 -44.95
-289.102 10 -45.6 -289.102 10 -44.6
-289.102 10 -45.25 -289.102 10 -44.25
-289.102 10 -44.9 -289.102 10 -43.9
-289.102 10 -44.55 -289.102 10 -43.55
-289.102 10 -44.2 -289.102 10 -43.2
-289.102 10 -43.85 -289.102 10 -42.85
-289.102 10 -43.5 -289.102 10 -42.5
-289.102 10 -43.15 -289.102 10 -42.15
-289.102 10 -42.8 -289.102 10 -41.8
-289.102 10 -42.45 -289.102 10 -41.45
-289.102 10 -42.1 -289.102 10 -41.1
-289.102 10 -41.75 -289.102 10 -40.75
-289.102 10 -41.4 -289.102 10 -40.4
-289.102 10 -41.05 -289.102 10 -40.05
-289.102 10 -40.7 -289.102 10 -39.7
-289.102 10 -40.35 -289.102 10 -39.35
-289.102 10 -40 -289.102 10 -39
-289.102 10 -39.65 -289.102 10 -38.65
-289.102 10 -39.3 -289.102 10 -38.3
-289.102 10 -38.95 -289.102 10 -37.95
-289.102 10 -38.6 -289.102 10 -37.6
-289.102 10 -38.25 -289.102 10 -37.25
-289.102 10 -37.9 -289.102 10 -36.9
-289.102 10 -37.55 -289.102 10 -36.55
-289.102 10 -37.2 -289.102 10 -36.2
-289.102 10 -36.85 -289.102 10 -35.85
-289.102 10 -36.5 -289.102 10 -35.5
-289.102 10 -36.15 -289.102 10 -35.15
-289.102 10 -35.8 -289.102 10 -34.8
-289.102 10 -35.45 -289.102 10 -34.45
-289.102 10 -35.1 -289.102 10 -34.1
-289.102 10 -34.75 -289.102 10 -33.75
-289.102 10 -34.4 -289.102 10 -33.4
-289.102 10 -34.05 -289.102 10 -33.05
-289.102 10 -33.7 -289.102 10 -32.7
-289.102 10 -33.35 -289.102 10 -32.35
-289.102 10 -33 -289.102 10 -32
-289.102 10 -32.65 -289.102 10 -31.65
-289.102 10 -32.3 -289.102 10 -31.3
-289.102 10 -31.95 -289.102 10 -30.95
-289.102 10 -31.6 -289.102 10 -30.6
-289.102 10 -31.25 -289.102 10 -30.25
-289.102 10 -30.9 -289.102 10 -29.9
-289.102 10 -30.55 -289.102 10 -29.55
-289.102 10 -30.2 -289.102 10 -29.2
-289.102 10 -29.85 -289.102 10 -28.85
-289.102 10 -29.5 -289.102 10 -28.5
-289.102 10 -29.15 -289.102 10 -28.15
-289.102 10 -28.8 -289.102 10 -27.8
-289.102 10 -28.45 -289.102 10 -27.45
-289.102 10 -28.1 -289.102 10 -27.1
-289.102 10 -27.75 -289.102 10 -26.75
-289.102 10 -27.4 -289.102 10 -26.4
-289.102 10 -27.05 -289.102 10 -26.05
-289.102 10 -26.7 -289.102 10 -25.7
-289.102 10 -26.35 -289.102 10 -25.35
-289.102 10 -26 -289.102 10 -25
-289.102 10 -25.65 -289.102 10 -24.65
-289.102 10 -25.3 -289.102 10 -24.3
-289.102 10 -24.95 -289.102 10 -23.95
-289.102 10 -24.6 -289.102 10 -23.6
-289.102 10 -24.25 -289.102 10 -23.25
-289.102 10 -23.9 -289.102 10 -22.9
-289.102 10 -23.55 -289.102 10 -22.55
-289.102 10 -23.2 -289.102 10 -22.2
-289.102 10 -22.85 -289.102 10 -21.85
-289.102 10 -22.5 -289.102 10 -21.5
-289.102 10 -22.15 -289.102 10 -21.15
-289.102 10 -21.8 -289.102 10 -20.8
-289.102 10 -21.45 -289.102 10 -20.45
-289.102 10 -21.1 -289.102 10 -20.1
-289.102 10 -20.75 -289.102 10 -19.75
-289.102 10 -20.4 -289.102 10 -19.4
-289.102 10 -20.05 -289.102 10 -19.05
-289.102 10 -19.7 -289.102 10 -18.7
-289.102 10 -19.35 -289.102 10 -18.35
-289.102 10 -19 -289.102 10 -18
-289.102 10 -18.65 -289.102 10 -17.65
-289.102 10 -18.3 -289.102 10 -17.3
-289.102 10 -17.95 -289.102 10 -16.95
-289.102 10 -17.6 -289.102 10 -16.6
-289.102 10 -17.25 -289.102 10 -16.25
-289.102 10 -16.9 -289.102 10 -15.9
-289.102 10 -16.55 -289.102 10 -15.55
-289.102 10 -16.2 -289.102 10 -15.2
-289.102 10 -15.85 -289.102 10 -14.85
-289.102 10 -15.5 -289.102 10 -14.5
-289.102 10 -15.15 -289.102 10 -14.15
-289.102 10 -14.8 -289.102 10 -13.8
-289.102 10 -14.45 -289.102 10 -13.45
-289.102 10 -14.1 -289.102 10 -13.1
-289.102 10 -13.75 -289.102 10 -12.75
-289.102 10 -13.4 -289.102 10 -12.4
-289.102 10 -13.05 -289.102 10 -12.05
-289.102 10 -12.7 -289.102 10 -11.7
-289.102 10 -12.35 -289.102 10 -11.35
-289.102 10 -12 -289.102 10 -11
-289.102 10 -11.65 -289.102 10 -10.65
-289.102 10 -11.3 -289.102 10 -10.3
-289.102 10 -10.95 -289.102 10 -9.95
-289.102 10 -10.6 -289.102 10 -9.6
-289.102 10 -10.25 -289.102 10 -9.25
-289.102 10 -9.90001 -289.102 10 -8.9
-289.102 10 -9.55001 -289.102 10 -8.55
-289.102 10 -9.20001 -289.102 10 -8.2
-289.102 10 -8.85001 -289.102 10 -7.85
-289.102 10 -8.50001 -289.102 10 -7.5
-289.102 10 -8.15001 -289.102 10 -7.15
-289.102 10 -7.80001 -289.102 10 -6.8
-289.102 10 -7.45001 -289.102 10 -6.45
-289.102 10 -7.10001 -289.102 10 -6.1
-289.102 10 -6.75001 -289.102 10 -5.75
-289.102 10 -6.40001 -289.102 10 -5.4
-289.102 10 -6.05001 -289.102 10 -5.05
-289.102 10 -5.70001 -289.102 10 -4.7
-289.102 10 -5.35001 -289.102 10 -4.35
-289.102 10 -5.00001 -289.102 10 -4
-289.102 10 -4.65001 -289.102 10 -3.65
-289.102 10 -4.30001 -289.102 10 -3.3
-289.102 10 -3.95001 -289.102 10 -2.95
-289.102 10 -3.60001 -289.102 10 -2.6
-289.102 10 -3.25001 -289.102 10 -2.25
-289.102 10 -2.90001 -289.102 10 -1.9
-289.102 10 -2.55001 -289.102 10 -1.55
-289.102 10 -2.20001 -289.102 10 -1.2
-289.102 10 -1.85001 -289.102 10 -0.849998
-289.102 10 -1.50001 -289.102 10 -0.499998
-289.102 10 -1.15001 -289.102 10 -0.149998
-289.102 10 -1.15001 -289.102 10 -0.149998
-289.102 10 -1.15001 -289.102 10 -0.149998
-289.102 10 -1.15001 -289.102 10 -0.149998
-289.102 10 -1.15001 -289.102 10 -0.149998
-289.102 10 -1.15001 -289.102 10 -0.149998
-289.102 10 -1.15001 -289.102 10 -0.149998
-289.102 10 -1.15001 -289.102 10 -0.149998
-289.102 10 -1.15001 -289.102 10 -0.149998
-289.102 10 -1.15001 -289.102 10 -0.149998
-289.102 10 -1.15001 -289.102 10 -0.149998
-289.102 10 -1.15001 -289.102 10 -0.149998
-289.102 10 -1.15001 -289.102 10 -0.149998
-289.102 10 -1.15001 -289.102 10 -0.149998
-289.102 10 -1.15001 -289.102 10 -0.149998
-289.102 10 -1.15001 -289.102 10 -0.149998
-289.102 10 -1.15001 -289.102 10 -0.149998
-289.102 10 -1.15001 -289.102 10 -0.149998
-288.752 10 -1.15001 -288.752 10 -0.149998
-288.402 10 -1.15001 -288.402 10 -0.149998
-288.052 10 -1.15001 -288.052 10 -0.149998
-287.702 10 -1.15001 -287.702 10 -0.149998
-287.352 10 -1.15001 -287.352 10 -0.149998
-287.002 10 -1.15001 -287.002 10 -0.149998
-286.652 10 -1.15001 -286.652 10 -0.149998
-286.302 10 -1.15001 -286.302 10 -0.149998
-285.952 10 -1.15001 -285.952 10 -0.149998
-285.602 10 -1.15001 -285.602 10 -0.149998
-285.252 10 -1.15001 -285.252 10 -0.149998
-284.902 10 -1.15001 -284.902 10 -0.149998
-284.552 10 -1.15001 -284.552 10 -0.149998
-284.202 10 -1.15001 -284.202 10 -0.149998
-283.852 10 -1.15001 -283.852 10 -0.149998
-283.502 10 -1.15001 -283.502 10 -0.149998
-283.152 10 -1.15001 -283.152 10 -0.149998
-282.802 10 -1.15001 -282.802 10 -0.149998
-282.452 10 -1.15001 -282.452 10 -0.149998
-282.102 10 -1.15001 -282.102 10 -0.149998
-281.752 10 -1.15001 -281.752 10 -0.149998
-281.402 10 -1.15001 -281.402 10 -0.149998
-281.052 10 -1.15001 -281.052 10 -0.149998
-280.702 10 -1.15001 -280.702 10 -0.149998
-280.352 10 -1.15001 -280.352 10 -0.149998
-280.002 10 -1.15001 -280.002 10 -0.149998
-279.652 10 -1.15001 -279.652 10 -0.149998
-279.302 10 -1.15001 -279.302 10 -0.149998
-278.952 10 -1.15001 -278.952 10 -0.149998
-278.602 10 -1.15001 -278.602 10 -0.149998
-278.252 10 -1.15001 -278.252 10 -0.149998
-277.902 10 -1.15001 -277.902 10 -0.149998
-277.552 10 -1.15001 -277.552 10 -0.149998
-277.202 10 -1.15001 -277.202 10 -0.149998
-276.852 10 -1.15001 -276.852 10 -0.149998
-276.502 10 -1.15001 -276.502 10 -0.149998
-276.152 10 -1.15001 -276.152 10 -0.149998
-275.802 10 -1.15001 -275.802 10 -0.149998
-275.452 10 -1.15001 -275.452 10 -0.149998
-275.102 10 -1.15001 -275.102 10 -0.149998
-274.752 10 -1.15001 -274.752 10 -0.149998
-274.402 10 -1.15001 -274.402 10 -0.149998
-274.052 10 -1.15001 -274.052 10 -0.149998
-273.702 10 -1.15001 -273.702 10 -0.149998
-273.352 10 -1.15001 -273.352 10 -0.149998
-273.002 10 -1.15001 -273.002 10 -0.149998
-272.652 10 -1.15001 -272.652 10 -0.149998
-272.302 10 -1.15001 -272.302 10 -0.149998
-271.952 10 -1.15001 -271.952 10 -0.149998
-271.602 10 -1.15001 -271.602 10 -0.149998
-271.252 10 -1.15001 -271.252 10 -0.149998
-270.902 10 -1.15001 -270.902 10 -0.149998
-270.552 10 -1.15001 -270.552 10 -0.149998
-270.202 10 -1.15001 -270.202 10 -0.149998
-269.852 10 -1.15001 -269.852 10 -0.149998
-269.502 10 -1.15001 -269.502 10 -0.149998
-269.152 10 -1.15001 -269.152 10 -0.149998
-268.802 10 -1.15001 -268.802 10 -0.149998
-268.452 10 -1.15001 -268.452 10 -0.149998
-268.102 10 -1.15001 -268.102 10 -0.149998
-267.752 10 -1.15001 -267.752 10 -0.149998
-267.402 10 -1.15001 -267.402 10 -0.149998
-267.052 10 -1.15001 -267.052 10 -0.149998
-266.702 10 -1.15001 -266.702 10 -0.149998
-266.352 10 -1.15001 -266.352 10 -0.149998
-266.002 10 -1.15001 -266.002 10 -0.149998
-265.652 10 -1.15001 -265.652 10 -0.149998
-265.302 10 -1.15001 -265.302 10 -0.149998
-264.952 10 -1.15001 -264.952 10 -0.149998
-264.602 10 -1.15001 -264.602 10 -0.149998
-264.252 10 -1.15001 -264.252 10 -0.149998
-263.902 10 -1.15001 -263.902 10 -0.149998
-263.552 10 -1.15001 -263.552 10 -0.149998
-263.202 10 -1.15001 -263.202 10 -0.149998
-262.852 10 -1.15001 -262.852 10 -0.149998
-262.502 10 -1.15001 -262.502 10 -0.149998
-262.152 10 -1.15001 -262.152 10 -0.149998
-261.802 10 -1.15001 -261.802 10 -0.149998
-261.452 10 -1.15001 -261.452 10 -0.149998
-261.102 10 -1.15001 -261.102 10 -0.149998
-260.752 10 -1.15001 -260.752 10 -0.149998
-260.402 10 -1.15001 -260.402 10 -0.149998
-260.052 10 -1.15001 -260.052 10 -0.149998
-259.702 10 -1.15001 -259.702 10 -0.149998
-259.352 10 -1.15001 -259.352 10 -0.149998
-259.002 10 -1.15001 -259.002 10 -0.149998
-258.652 10 -1.15001 -258.652 10 -0.149998
-258.302 10 -1.15001 -258.302 10 -0.149998
-257.952 10 -1.15001 -257.952 10 -0.149998
-257.602 10 -1.15001 -257.602 10 -0.149998
-257.252 10 -1.15001 -257.252 10 -0.149998
-256.902 10 -1.15001 -256.902 10 -0.149998
-256.552 10 -1.15001 -256.552 10 -0.149998
-256.202 10 -1.15001 -256.202 10 -0.149998
-255.852 10 -1.15001 -255.852 10 -0.149998
-255.502 10 -1.15001 -255.502 10 -0.149998
-255.152 10 -1.15001 -255.152 10 -0.149998
-254.802 10 -1.15001 -254.802 10 -0.149998
-254.452 10 -1.15001 -254.452 10 -0.149998
-254.102 10 -1.15001 -254.102 10 -0.149998
-253.752 10 -1.15001 -253.752 10 -0.149998
-253.402 10 -1.15001 -253.402 10 -0.149998
-253.052 10 -1.15001 -253.052 10 -0.149998
-252.702 10 -1.15001 -252.702 10 -0.149998
-252.352 10 -1.15001 -252.352 10 -0.149998
-252.002 10 -1.15001 -252.002 10 -0.149998
-251.652 10 -1.15001 -251.652 10 -0.149998
-251.302 10 -1.15001 -251.302 10 -0.149998
-250.952 10 -1.15001 -250.952 10 -0.149998
-250.602 10 -1.15001 -250.602 10 -0.149998
-250.252 10 -1.15001 -250.252 10 -0.149998
-249.902 10 -1.15001 -249.902 10 -0.149998
-249.552 10 -1.15001 -249.552 10 -0.149998
-249.202 10 -1.15001 -249.202 10 -0.149998
-248.852 10 -1.15001 -248.852 10 -0.149998
-248.502 10 -1.15001 -248.502 10 -0.149998
-248.152 10 -1.15001 -248.152 10 -0.149998
-247.802 10 -1.15001 -247.802 10 -0.149998
-247.452 10 -1.15001 -247.452 10 -0.149998
-247.102 10 -1.15001 -247.102 10 -0.149998
-246.752 10 -1.15001 -246.752 10 -0.149998
-246.402 10 -1.15001 -246.402 10 -0.149998
-246.052 10 -1.15001 -246.052 10 -0.149998
-245.702 10 -1.15001 -245.702 10 -0.149998
-245.352 10 -1.15001 -245.352 10 -0.149998
-245.002 10 -1.15001 -245.002 10 -0.149998
-244.652 10 -1.15001 -244.652 10 -0.149998
-244.302 10 -1.15001 -244.302 10 -0.149998
-243.952 10 -1.15001 -243.952 10 -0.149998
-243.602 10 -1.15001 -243.602 10 -0.149998
-243.252 10 -1.15001 -243.252 10 -0.149998
-242.902 10 -1.15001 -242.902 10 -0.149998
-242.552 10 -1.15001 -242.552 10 -0.149998
-242.202 10 -1.15001 -242.202 10 -0.149998
-241.852 10 -1.15001 -241.852 10 -0.149998
-241.502 10 -1.15001 -241.502 10 -0.149998
-241.152 10 -1.15001 -241.152 10 -0.149998
-240.802 10 -1.15001 -240.802 10 -0.149998
-240.452 10 -1.15001 -240.452 10 -0.149998
-240.102 10 -1.15001 -240.102 10 -0.149998
-239.752 10 -1.15001 -239.752 10 -0.149998
-239.402 10 -1.15001 -239.402 10 -0.149998
-239.052 10 -1.15001 -239.052 10 -0.149998
-238.702 10 -1.15001 -238.702 10 -0.149998
-238.352 10 -1.15001 -238.352 10 -0.149998
-238.002 10 -1.15001 -238.002 10 -0.149998
-237.652 10 -1.15001 -237.652 10 -0.149998
-237.302 10 -1.15001 -237.302 10 -0.149998
-236.952 10 -1.15001 -236.952 10 -0.149998
-236.602 10 -1.15001 -236.602 10 -0.149998
-236.251 10 -1.15001 -236.251 10 -0.149998
-235.901 10 -1.15001 -235.901 10 -0.149998
-235.551 10 -1.15001 -235.551 10 -0.149998
-235.201 10 -1.15001 -235.201 10 -0.149998
-234.851 10 -1.15001 -234.851 10 -0.149998
-234.501 10 -1.15001 -234.501 10 -0.149998
-234.151 10 -1.15001 -234.151 10 -0.149998
-233.801 10 -1.15001 -233.801 10 -0.149998
-233.451 10 -1.15001 -233.451 10 -0.149998
-233.101 10 -1.15001 -233.101 10 -0.149998
-232.751 10 -1.15001 -232.751 10 -0.149998
-232.401 10 -1.15001 -232.401 10 -0.149998
-232.051 10 -1.15001 -232.051 10 -0.149998
-231.701 10 -1.15001 -231.701 10 -0.149998
-231.351 10 -1.15001 -231.351 10 -0.149998
-231.001 10 -1.15001 -231.001 10 -0.149998
-230.651 10 -1.15001 -230.651 10 -0.149998
-230.301 10 -1.15001 -230.301 10 -0.149998
-229.951 10 -1.15001 -229.951 10 -0.149998
-229.601 10 -1.15001 -229.601 10 -0.149998
-229.251 10 -1.15001 -229.251 10 -0.149998
-228.901 10 -1.15001 -228.901 10 -0.149998
-228.551 10 -1.15001 -228.551 10 -0.149998
-228.201 10 -1.15001 -228.201 10 -0.149998
-227.851 10 -1.15001 -227.851 10 -0.149998
-227.501 10 -1.15001 -227.501 10 -0.149998
-227.151 10 -1.15001 -227.151 10 -0.149998
-226.801 10 -1.15001 -226.801 10 -0.149998
-226.451 10 -1.15001 -226.451 10 -0.149998
-226.101 10 -1.15001 -226.101 10 -0.149998
-225.751 10 -1.15001 -225.751 10 -0.149998
-225.401 10 -1.15001 -225.401 10 -0.149998
-225.051 10 -1.15001 -225.051 10 -0.149998
-224.701 10 -1.15001 -224.701 10 -0.149998
-224.351 10 -1.15001 -224.351 10 -0.149998
-224.001 10 -1.15001 -224.001 10 -0.149998
-223.651 10 -1.15001 -223.651 10 -0.149998
-223.301 10 -1.15001 -223.301 10 -0.149998
-222.951 10 -1.15001 -222.951 10 -0.149998
-222.601 10 -1.15001 -222.601 10 -0.149998
-222.251 10 -1.15001 -222.251 10 -0.149998
-221.901 10 -1.15001 -221.901 10 -0.149998
-221.551 10 -1.15001 -221.551 10 -0.149998
-221.201 10 -1.15001 -221.201 10 -0.149998
-220.851 10 -1.15001 -220.851 10 -0.149998
-220.501 10 -1.15001 -220.501 10 -0.149998
-220.151 10 -1.15001 -220.151 10 -0.149998
-219.801 10 -1.15001 -219.801 10 -0.149998
-219.451 10 -1.15001 -219.451 10 -0.149998
-219.101 10 -1.15001 -219.101 10 -0.149998
-218.751 10 -1.15001 -218.751 10 -0.149998
-218.401 10 -1.15001 -218.401 10 -0.149998
-218.051 10 -1.15001 -218.051 10 -0.149998
-217.701 10 -1.15001 -217.701 10 -0.149998
-217.351 10 -1.15001 -217.351 10 -0.149998
-217.001 10 -1.15001 -217.001 10 -0.149998
-216.651 10 -1.15001 -216.651 10 -0.149998
-216.301 10 -1.15001 -216.301 10 -0.149998
-215.951 10 -1.15001 -215.951 10 -0.149998
-215.601 10 -1.15001 -215.601 10 -0.149998
-215.251 10 -1.15001 -215.251 10 -0.149998
-214.901 10 -1.15001 -214.901 10 -0.149998
-214.551 10 -1.15001 -214.551 10 -0.149998
-214.201 10 -1.15001 -214.201 10 -0.149998
-213.851 10 -1.15001 -213.851 10 -0.149998
-213.501 10 -1.15001 -213.501 10 -0.149998
-213.151 10 -1.15001 -213.151 10 -0.149998
-212.801 10 -1.15001 -212.801 10 -0.149998
-212.451 10 -1.15001 -212.451 10 -0.149998
-212.101 10 -1.15001 -212.101 10 -0.149998
-211.751 10 -1.15001 -211.751 10 -0.149998
-211.401 10 -1.15001 -211.401 10 -0.149998
-211.051 10 -1.15001 -211.051 10 -0.149998
-210.701 10 -1.15001 -210.701 10 -0.149998
-210.351 10 -1.15001 -210.351 10 -0.149998
-210.001 10 -1.15001 -210.001 10 -0.149998
-209.651 10 -1.15001 -209.651 10 -0.149998
-209.301 10 -1.15001 -209.301 10 -0.149998
-208.951 10 -1.15001 -208.951 10 -0.149998
-208.601 10 -1.15001 -208.601 10 -0.149998
-208.251 10 -1.15001 -208.251 10 -0.149998
-207.901 10 -1.15001 -207.901 10 -0.149998
-207.551 10 -1.15001 -207.551 10 -0.149998
-207.201 10 -1.15001 -207.201 10 -0.149998
-206.851 10 -1.15001 -206.851 10 -0.149998
-206.501 10 -1.15001 -206.501 10 -0.149998
-206.151 10 -1.15001 -206.151 10 -0.149998
-205.801 10 -1.15001 -205.801 10 -0.149998
-205.451 10 -1.15001 -205.451 10 -0.149998
-205.101 10 -1.15001 -205.101 10 -0.149998
-204.751 10 -1.15001 -204.751 10 -0.149998
-204.401 10 -1.15001 -204.401 10 -0.149998
-204.051 10 -1.15001 -204.051 10 -0.149998
-203.701 10 -1.15001 -203.701 10 -0.149998
-203.351 10 -1.15001 -203.351 10 -0.149998
-203.001 10 -1.15001 -203.001 10 -0.149998
-202.651 10 -1.15001 -202.651 10 -0.149998
-202.301 10 -1.15001 -202.301 10 -0.149998
-201.951 10 -1.15001 -201.951 10 -0.149998
-201.601 10 -1.15001 -201.601 10 -0.149998
-201.251 10 -1.15001 -201.251 10 -0.149998
-200.901 10 -1.15001 -200.901 10 -0.149998
-200.551 10 -1.15001 -200.551 10 -0.149998
-200.201 10 -1.15001 -200.201 10 -0.149998
-199.851 10 -1.15001 -199.851 10 -0.149998
-199.501 10 -1.15001 -199.501 10 -0.149998
-199.151 10 -1.15001 -199.151 10 -0.149998
-198.801 10 -1.15001 -198.801 10 -0.149998
-198.451 10 -1.15001 -198.451 10 -0.149998
-198.101 10 -1.15001 -198.101 10 -0.149998
-197.751 10 -1.15001 -197.751 10 -0.149998
-197.401 10 -1.15001 -197.401 10 -0.149998
-197.051 10 -1.15001 -197.051 10 -0.149998
-196.701 10 -1.15001 -196.701 10 -0.149998
-196.351 10 -1.15001 -196.351 10 -0.149998
-196.001 10 -1.15001 -196.001 10 -0.149998
-195.651 10 -1.15001 -195.651 10 -0.149998
-195.301 10 -1.15001 -195.301 10 -0.149998
-194.951 10 -1.15001 -194.951 10 -0.149998
-194.601 10 -1.15001 -194.601 10 -0.149998
-194.251 10 -1.15001 -194.251 10 -0.149998
-193.901 10 -1.15001 -193.901 10 -0.149998
-193.551 10 -1.15001 -193.551 10 -0.149998
-193.201 10 -1.15001 -193.201 10 -0.149998
-192.851 10 -1.15001 -192.851 10 -0.149998
-192.501 10 -1.15001 -192.501 10 -0.149998
-192.151 10 -1.15001 -192.151 10 -0.149998
-191.801 10 -1.15001 -191.801 10 -0.149998
-191.451 10 -1.15001 -191.451 10 -0.149998
-191.101 10 -1.15001 -191.101 10 -0.149998
-190.751 10 -1.15001 -190.751 10 -0.149998
-190.401 10 -1.15001 -190.401 10 -0.149998
-190.051 10 -1.15001 -190.051 10 -0.149998
-189.701 10 -1.15001 -189.701 10 -0.149998
-189.351 10 -1.15001 -189.351 10 -0.149998
-189.001 10 -1.15001 -189.001 10 -0.149998
-188.651 10 -1.15001 -188.651 10 -0.149998
-188.301 10 -1.15001 -188.301 10 -0.149998
-187.951 10 -1.15001 -187.951 10 -0.149998
-187.601 10 -1.15001 -187.601 10 -0.149998
-187.251 10 -1.15001 -187.251 10 -0.149998
-186.901 10 -1.15001 -186.901 10 -0.149998
-186.551 10 -1.15001 -186.551 10 -0.149998
-186.201 10 -1.15001 -186.201 10 -0.149998
-185.851 10 -1.15001 -185.851 10 -0.149998
-185.501 10 -1.15001 -185.501 10 -0.149998
-185.151 10 -1.15001 -185.151 10 -0.149998
-184.801 10 -1.15001 -184.801 10 -0.149998
-184.451 10 -1.15001 -184.451 10 -0.149998
-184.101 10 -1.15001 -184.101 10 -0.149998
-183.751 10 -1.15001 -183.751 10 -0.149998
-183.401 10 -1.15001 -183.401 10 -0.149998
-183.051 10 -1.15001 -183.051 10 -0.149998
-182.701 10 -1.15001 -182.701 10 -0.149998
-182.351 10 -1.15001 -182.351 10 -0.149998
-182.001 10 -1.15001 -182.001 10 -0.149998
-181.651 10 -1.15001 -181.651 10 -0.149998
-181.301 10 -1.15001 -181.301 10 -0.149998
-180.951 10 -1.15001 -180.951 10 -0.149998
-180.601 10 -1.15001 -180.601 10 -0.149998
-180.251 10 -1.15001 -180.251 10 -0.149998
-179.901 10 -1.15001 -179.901 10 -0.149998
-179.551 10 -1.15001 -179.551 10 -0.149998
-179.201 10 -1.15001 -179.201 10 -0.149998
-178.85 10 -1.15001 -178.85 10 -0.149998
-178.5 10 -1.15001 -178.5 10 -0.149998
-178.15 10 -1.15001 -178.15 10 -0.149998
-177.8 10 -1.15001 -177.8 10 -0.149998
-177.45 10 -1.15001 -177.45 10 -0.149998
-177.1 10 -1.15001 -177.1 10 -0.149998
-176.75 10 -1.15001 -176.75 10 -0.149998
-176.4 10 -1.15001 -176.4 10 -0.149998
-176.05 10 -1.15001 -176.05 10 -0.149998
-175.7 10 -1.15001 -175.7 10 -0.149998
-175.35 10 -1.15001 -175.35 10 -0.149998
-175 10 -1.15001 -175 10 -0.149998
-174.65 10 -1.15001 -174.65 10 -0.149998
-174.3 10 -1.15001 -174.3 10 -0.149998
-173.95 10 -1.15001 -173.95 10 -0.149998
-173.6 10 -1.15001 -173.6 10 -0.149998
-173.25 10 -1.15001 -173.25 10 -0.149998
-172.9 10 -1.15001 -172.9 10 -0.149998
-172.55 10 -1.15001 -172.55 10 -0.149998
-172.2 10 -1.15001 -172.2 10 -0.149998
-171.85 10 -1.15001 -171.85 10 -0.149998
-171.5 10 -1.15001 -171.5 10 -0.149998
-171.15 10 -1.15001 -171.15 10 -0.149998
-170.8 10 -1.15001 -170.8 10 -0.149998
-170.45 10 -1.15001 -170.45 10 -0.149998
-170.1 10 -1.15001 -170.1 10 -0.149998
-169.75 10 -1.15001 -169.75 10 -0.149998
-169.4 10 -1.15001 -169.4 10 -0.149998
-169.05 10 -1.15001 -169.05 10 -0.149998
-168.7 10 -1.15001 -168.7 10 -0.149998
-168.35 10 -1.15001 -168.35 10 -0.149998
-168 10 -1.15001 -168 10 -0.149998
-167.65 10 -1.15001 -167.65 10 -0.149998
-167.3 10 -1.15001 -167.3 10 -0.149998
-166.95 10 -1.15001 -166.95 10 -0.149998
-166.6 10 -1.15001 -166.6 10 -0.149998
-166.25 10 -1.15001 -166.25 10 -0.149998
-165.9 10 -1.15001 -165.9 10 -0.149998
-165.55 10 -1.15001 -165.55 10 -0.149998
-165.2 10 -1.15001 -165.2 10 -0.149998
-164.85 10 -1.15001 -164.85 10 -0.149998
-164.5 10 -1.15001 -164.5 10 -0.149998
-164.15 10 -1.15001 -164.15 10 -0.149998
-163.8 10 -1.15001 -163.8 10 -0.149998
-163.45 10 -1.15001 -163.45 10 -0.149998
-163.1 10 -1.15001 -163.1 10 -0.149998
-162.75 10 -1.15001 -162.75 10 -0.149998
-162.4 10 -1.15001 -162.4 10 -0.149998
-162.05 10 -1.15001 -162.05 10 -0.149998
-161.7 10 -1.15001 -161.7 10 -0.149998
-161.35 10 -1.15001 -161.35 10 -0.149998
-161 10 -1.15001 -161 10 -0.149998
-160.65 10 -1.15001 -160.65 10 -0.149998
-160.3 10 -1.15001 -160.3 10 -0.149998
-159.95 10 -1.15001 -159.95 10 -0.149998
-159.6 10 -1.15001 -159.6 10 -0.149998
-159.25 10 -1.15001 -159.25 10 -0.149998
-158.9 10 -1.15001 -158.9 10 -0.149998
-158.55 10 -1.15001 -158.55 10 -0.149998
-158.2 10 -1.15001 -158.2 10 -0.149998
-157.85 10 -1.15001 -157.85 10 -0.149998
-157.5 10 -1.15001 -157.5 10 -0.149998
-157.15 10 -1.15001 -157.15 10 -0.149998
-156.8 10 -1.15001 -156.8 10 -0.149998
-156.45 10 -1.15001 -156.45 10 -0.149998
-156.1 10 -1.15001 -156.1 10 -0.149998
-155.75 10 -1.15001 -155.75 10 -0.149998
-155.4 10 -1.15001 -155.4 10 -0.149998
-155.05 10 -1.15001 -155.05 10 -0.149998
-154.7 10 -1.15001 -154.7 10 -0.149998
-154.35 10 -1.15001 -154.35 10 -0.149998
-154 10 -1.15001 -154 10 -0.149998
-153.65 10 -1.15001 -153.65 10 -0.149998
-153.3 10 -1.15001 -153.3 10 -0.149998
-152.95 10 -1.15001 -152.95 10 -0.149998
-152.6 10 -1.15001 -152.6 10 -0.149998
-152.25 10 -1.15001 -152.25 10 -0.149998
-151.9 10 -1.15001 -151.9 10 -0.149998
-151.55 10 -1.15001 -151.55 10 -0.149998
-151.2 10 -1.15001 -151.2 10 -0.149998
-150.85 10 -1.15001 -150.85 10 -0.149998
-150.5 10 -1.15001 -150.5 10 -0.149998
-150.15 10 -1.15001 -150.15 10 -0.149998
-149.8 10 -1.15001 -149.8 10 -0.149998
-149.45 10 -1.15001 -149.45 10 -0.149998
-149.1 10 -1.15001 -149.1 10 -0.149998
-148.75 10 -1.15001 -148.75 10 -0.149998
-148.4 10 -1.15001 -148.4 10 -0.149998
-148.05 10 -1.15001 -148.05 10 -0.149998
-147.7 10 -1.15001 -147.7 10 -0.149998
-147.35 10 -1.15001 -147.35 10 -0.149998
-147 10 -1.15001 -147 10 -0.149998
-146.65 10 -1.15001 -146.65 10 -0.149998
-146.3 10 -1.15001 -146.3 10 -0.149998
-145.95 10 -1.15001 -145.95 10 -0.149998
-145.6 10 -1.15001 -145.6 10 -0.149998
-145.25 10 -1.15001 -145.25 10 -0.149998
-144.9 10 -1.15001 -144.9 10 -0.149998
-144.55 10 -1.15001 -144.55 10 -0.149998
-144.2 10 -1.15001 -144.2 10 -0.149998
-143.85 10 -1.15001 -143.85 10 -0.149998
-143.5 10 -1.15001 -143.5 10 -0.149998
-143.15 10 -1.15001 -143.15 10 -0.149998
-142.8 10 -1.15001 -142.8 10 -0.149998
-142.45 10 -1.15001 -142.45 10 -0.149998
-142.1 10 -1.15001 -142.1 10 -0.149998
-141.75 10 -1.15001 -141.75 10 -0.149998
-141.4 10 -1.15001 -141.4 10 -0.149998
-141.05 10 -1.15001 -141.05 10 -0.149998
-140.7 10 -1.15001 -140.7 10 -0.149998
-140.35 10 -1.15001 -140.35 10 -0.149998
-140 10 -1.15001 -140 10 -0.149998
-139.65 10 -1.15001 -139.65 10 -0.149998
-139.3 10 -1.15001 -139.3 10 -0.149998
-138.95 10 -1.15001 -138.95 10 -0.149998
-138.6 10 -1.15001 -138.6 10 -0.149998
-138.25 10 -1.15001 -138.25 10 -0.149998
-137.9 10 -1.15001 -137.9 10 -0.149998
-137.55 10 -1.15001 -137.55 10 -0.149998
-137.2 10 -1.15001 -137.2 10 -0.149998
-136.85 10 -1.15001 -136.85 10 -0.149998
-136.5 10 -1.15001 -136.5 10 -0.149998
-136.15 10 -1.15001 -136.15 10 -0.149998
-135.8 10 -1.15001 -135.8 10 -0.149998
-135.45 10 -1.15001 -135.45 10 -0.149998
-135.1 10 -1.15001 -135.1 10 -0.149998
-134.75 10 -1.15001 -134.75 10 -0.149998
-134.4 10 -1.15001 -134.4 10 -0.149998
-134.05 10 -1.15001 -134.05 10 -0.149998
-133.7 10 -1.15001 -133.7 10 -0.149998
-133.35 10 -1.15001 -133.35 10 -0.149998
-133 10 -1.15001 -133 10 -0.149998
-132.65 10 -1.15001 -132.65 10 -0.149998
-132.3 10 -1.15001 -132.3 10 -0.149998
-131.95 10 -1.15001 -131.95 10 -0.149998
-131.6 10 -1.15001 -131.6 10 -0.149998
-131.25 10 -1.15001 -131.25 10 -0.149998
-130.9 10 -1.15001 -130.9 10 -0.149998
-130.55 10 -1.15001 -130.55 10 -0.149998
-130.2 10 -1.15001 -130.2 10 -0.149998
-129.85 10 -1.15001 -129.85 10 -0.149998
-129.5 10 -1.15001 -129.5 10 -0.149998
-129.15 10 -1.15001 -129.15 10 -0.149998
-128.8 10 -1.15001 -128.8 10 -0.149998
-128.45 10 -1.15001 -128.45 10 -0.149998
-128.1 10 -1.15001 -128.1 10 -0.149998
-127.75 10 -1.15001 -127.75 10 -0.149998
-127.4 10 -1.15001 -127.4 10 -0.149998
-127.05 10 -1.15001 -127.05 10 -0.149998
-126.7 10 -1.15001 -126.7 10 -0.149998
-126.35 10 -1.15001 -126.35 10 -0.149998
-126 10 -1.15001 -126 10 -0.149998
-125.65 10 -1.15001 -125.65 10 -0.149998
-125.3 10 -1.15001 -125.3 10 -0.149998
-124.95 10 -1.15001 -124.95 10 -0.149998
-124.6 10 -1.15001 -124.6 10 -0.149998
-124.25 10 -1.15001 -124.25 10 -0.149998
-123.9 10 -1.15001 -123.9 10 -0.149998
-123.55 10 -1.15001 -123.55 10 -0.149998
-123.2 10 -1.15001 -123.2 10 -0.149998
-122.85 10 -1.15001 -122.85 10 -0.149998
-122.5 10 -1.15001 -122.5 10 -0.149998
-122.15 10 -1.15001 -122.15 10 -0.149998
-121.8 10 -1.15001 -121.8 10 -0.149998
-121.45 10 -1.15001 -121.45 10 -0.149998
-121.1 10 -1.15001 -121.1 10 -0.149998
-120.75 10 -1.15001 -120.75 10 -0.149998
-120.4 10 -1.15001 -120.4 10 -0.149998
-120.05 10 -1.15001 -120.05 10 -0.149998
-119.7 10 -1.15001 -119.7 10 -0.149998
-119.35 10 -1.15001 -119.35 10 -0.149998
-119 10 -1.15001 -119 10 -0.149998
-118.65 10 -1.15001 -118.65 10 -0.149998
-118.3 10 -1.15001 -118.3 10 -0.149998
-117.95 10 -1.15001 -117.95 10 -0.149998
-117.6 10 -1.15001 -117.6 10 -0.149998
-117.25 10 -1.15001 -117.25 10 -0.149998
-116.9 10 -1.15001 -116.9 10 -0.149998
-116.55 10 -1.15001 -116.55 10 -0.149998
-116.2 10 -1.15001 -116.2 10 -0.149998
-115.85 10 -1.15001 -115.85 10 -0.149998
-115.5 10 -1.15001 -115.5 10 -0.149998
-115.15 10 -1.15001 -115.15 10 -0.149998
-114.8 10 -1.15001 -114.8 10 -0.149998
-114.45 10 -1.15001 -114.45 10 -0.149998
-114.1 10 -1.15001 -114.1 10 -0.149998
-113.75 10 -1.15001 -113.75 10 -0.149998
-113.4 10 -1.15001 -113.4 10 -0.149998
-113.05 10 -1.15001 -113.05 10 -0.149998
-112.7 10 -1.15001 -112.7 10 -0.149998
-112.35 10 -1.15001 -112.35 10 -0.149998
-112 10 -1.15001 -112 10 -0.149998
-111.65 10 -1.15001 -111.65 10 -0.149998
-111.3 10 -1.15001 -111.3 10 -0.149998
-110.95 10 -1.15001 -110.95 10 -0.149998
-110.6 10 -1.15001 -110.6 10 -0.149998
-110.25 10 -1.15001 -110.25 10 -0.149998
-109.9 10 -1.15001 -109.9 10 -0.149998
-109.55 10 -1.15001 -109.55 10 -0.149998
-109.2 10 -1.15001 -109.2 10 -0.149998
-108.85 10 -1.15001 -108.85 10 -0.149998
-108.5 10 -1.15001 -108.5 10 -0.149998
-108.15 10 -1.15001 -108.15 10 -0.149998
-107.8 10 -1.15001 -107.8 10 -0.149998
-107.45 10 -1.15001 -107.45 10 -0.149998
-107.1 10 -1.15001 -107.1 10 -0.149998
-106.75 10 -1.15001 -106.75 10 -0.149998
-106.4 10 -1.15001 -106.4 10 -0.149998
-106.05 10 -1.15001 -106.05 10 -0.149998
-105.7 10 -1.15001 -105.7 10 -0.149998
-105.35 10 -1.15001 -105.35 10 -0.149998
-105 10 -1.15001 -105 10 -0.149998
-104.65 10 -1.15001 -104.65 10 -0.149998
-104.3 10 -1.15001 -104.3 10 -0.149998
-103.95 10 -1.15001 -103.95 10 -0.149998
-103.6 10 -1.15001 -103.6 10 -0.149998
-103.25 10 -1.15001 -103.25 10 -0.149998
-102.9 10 -1.15001 -102.9 10 -0.149998
-102.55 10 -1.15001 -102.55 10 -0.149998
-102.2 10 -1.15001 -102.2 10 -0.149998
-101.85 10 -1.15001 -101.85 10 -0.149998
-101.5 10 -1.15001 -101.5 10 -0.149998
-101.15 10 -1.15001 -101.15 10 -0.149998
-100.8 10 -1.15001 -100.8 10 -0.149998
-100.45 10 -1.15001 -100.45 10 -0.149998
-100.1 10 -1.15001 -100.1 10 -0.149998
-99.7497 10 -1.15001 -99.7497 10 -0.149998
-99.3997 10 -1.15001 -99.3997 10 -0.149998
-99.0497 10 -1.15001 -99.0497 10 -0.149998
-98.6997 10 -1.15001 -98.6997 10 -0.149998
-98.3497 10 -1.15001 -98.3497 10 -0.149998
-97.9997 10 -1.15001 -97.9997 10 -0.149998
-97.6497 10 -1.15001 -97.6497 10 -0.149998
-97.2997 10 -1.15001 -97.2997 10 -0.149998
-96.9497 10 -1.15001 -96.9497 10 -0.149998
-96.5997 10 -1.15001 -96.5997 10 -0.149998
-96.2497 10 -1.15001 -96.2497 10 -0.149998
-95.8997 10 -1.15001 -95.8997 10 -0.149998
-95.5498 10 -1.15001 -95.5498 10 -0.149998
-95.1998 10 -1.15001 -95.1998 10 -0.149998
-94.8498 10 -1.15001 -94.8498 10 -0.149998
-94.4998 10 -1.15001 -94.4998 10 -0.149998
-94.1498 10 -1.15001 -94.1498 10 -0.149998
-93.7998 10 -1.15001 -93.7998 10 -0.149998
-93.4498 10 -1.15001 -93.4498 10 -0.149998
-93.0998 10 -1.15001 -93.0998 10 -0.149998
-92.7498 10 -1.15001 -92.7498 10 -0.149998
-92.3998 10 -1.15001 -92.3998 10 -0.149998
-92.0498 10 -1.15001 -92.0498 10 -0.149998
-91.6998 10 -1.15001 -91.6998 10 -0.149998
-91.3498 10 -1.15001 -91.3498 10 -0.149998
-90.9998 10 -1.15001 -90.9998 10 -0.149998
-90.6498 10 -1.15001 -90.6498 10 -0.149998
-90.2998 10 -1.15001 -90.2998 10 -0.149998
-89.9498 10 -1.15001 -89.9498 10 -0.149998
-89.5998 10 -1.15001 -89.5998 10 -0.149998
-89.2498 10 -1.15001 -89.2498 10 -0.149998
-88.8998 10 -1.15001 -88.8998 10 -0.149998
-88.5498 10 -1.15001 -88.5498 10 -0.149998
-88.1998 10 -1.15001 -88.1998 10 -0.149998
-87.8498 10 -1.15001 -87.8498 10 -0.149998
-87.4998 10 -1.15001 -87.4998 10 -0.149998
-87.1498 10 -1.15001 -87.1498 10 -0.149998
-86.7998 10 -1.15001 -86.7998 10 -0.149998
-86.4498 10 -1.15001 -86.4498 10 -0.149998
-86.0998 10 -1.15001 -86.0998 10 -0.149998
-85.7498 10 -1.15001 -85.7498 10 -0.149998
-85.3998 10 -1.15001 -85.3998 10 -0.149998
-85.0498 10 -1.15001 -85.0498 10 -0.149998
-84.6998 10 -1.15001 -84.6998 10 -0.149998
-84.3498 10 -1.15001 -84.3498 10 -0.149998
-83.9998 10 -1.15001 -83.9998 10 -0.149998
-83.6498 10 -1.15001 -83.6498 10 -0.149998
-83.2998 10 -1.15001 -83.2998 10 -0.149998
-82.9498 10 -1.15001 -82.9498 10 -0.149998
-82.5998 10 -1.15001 -82.5998 10 -0.149998
-82.2498 10 -1.15001 -82.2498 10 -0.149998
-81.8998 10 -1.15001 -81.8998 10 -0.149998
-81.5498 10 -1.15001 -81.5498 10 -0.149998
-81.1998 10 -1.15001 -81.1998 10 -0.149998
-80.8498 10 -1.15001 -80.8498 10 -0.149998
-80.4998 10 -1.15001 -80.4998 10 -0.149998
-80.1498 10 -1.15001 -80.1498 10 -0.149998
-79.7998 10 -1.15001 -79.7998 10 -0.149998
-79.4498 10 -1.15001 -79.4498 10 -0.149998
-79.0998 10 -1.15001 -79.0998 10 -0.149998
-78.7498 10 -1.15001 -78.7498 10 -0.149998
-78.3998 10 -1.15001 -78.3998 10 -0.149998
-78.0498 10 -1.15001 -78.0498 10 -0.149998
-77.6998 10 -1.15001 -77.6998 10 -0.149998
-77.3498 10 -1.15001 -77.3498 10 -0.149998
-76.9998 10 -1.15001 -76.9998 10 -0.149998
-76.6498 10 -1.15001 -76.6498 10 -0.149998
-76.2998 10 -1.15001 -76.2998 10 -0.149998
-75.9498 10 -1.15001 -75.9498 10 -0.149998
-75.5998 10 -1.15001 -75.5998 10 -0.149998
-75.2498 10 -1.15001 -75.2498 10 -0.149998
-74.8998 10 -1.15001 -74.8998 10 -0.149998
-74.5498 10 -1.15001 -74.5498 10 -0.149998
-74.1998 10 -1.15001 -74.1998 10 -0.149998
-73.8498 10 -1.15001 -73.8498 10 -0.149998
-73.4998 10 -1.15001 -73.4998 10 -0.149998
-73.1498 10 -1.15001 -73.1498 10 -0.149998
-72.7999 10 -1.15001 -72.7999 10 -0.149998
-72.4499 10 -1.15001 -72.4499 10 -0.149998
-72.0999 10 -1.15001 -72.0999 10 -0.149998
-71.7499 10 -1.15001 -71.7499 10 -0.149998
-71.3999 10 -1.15001 -71.3999 10 -0.149998
-71.0499 10 -1.15001 -71.0499 10 -0.149998
-70.6999 10 -1.15001 -70.6999 10 -0.149998
-70.3499 10 -1.15001 -70.3499 10 -0.149998
-69.9999 10 -1.15001 -69.9999 10 -0.149998
-69.6499 10 -1.15001 -69.6499 10 -0.149998
-69.2999 10 -1.15001 -69.2999 10 -0.149998
-68.9499 10 -1.15001 -68.9499 10 -0.149998
-68.5999 10 -1.15001 -68.5999 10 -0.149998
-68.2499 10 -1.15001 -68.2499 10 -0.149998
-67.8999 10 -1.15001 -67.8999 10 -0.149998
-67.5499 10 -1.15001 -67.5499 10 -0.149998
-67.1999 10 -1.15001 -67.1999 10 -0.149998
-66.8499 10 -1.15001 -66.8499 10 -0.149998
-66.4999 10 -1.15001 -66.4999 10 -0.149998
-66.1499 10 -1.15001 -66.1499 10 -0.149998
-65.7999 10 -1.15001 -65.7999 10 -0.149998
-65.4499 10 -1.15001 -65.4499 10 -0.149998
-65.0999 10 -1.15001 -65.0999 10 -0.149998
-64.7499 10 -1.15001 -64.7499 10 -0.149998
-64.3999 10 -1.15001 -64.3999 10 -0.149998
-64.0499 10 -1.15001 -64.0499 10 -0.149998
-63.6999 10 -1.15001 -63.6999 10 -0.149998
-63.3499 10 -1.15001 -63.3499 10 -0.149998
-62.9999 10 -1.15001 -62.9999 10 -0.149998
-62.6499 10 -1.15001 -62.6499 10 -0.149998
-62.2999 10 -1.15001 -62.2999 10 -0.149998
-61.9499 10 -1.15001 -61.9499 10 -0.149998
-61.5999 10 -1.15001 -61.5999 10 -0.149998
-61.2499 10 -1.15001 -61.2499 10 -0.149998
-60.8999 10 -1.15001 -60.8999 10 -0.149998
-60.5499 10 -1.15001 -60.5499 10 -0.149998
-60.1999 10 -1.15001 -60.1999 10 -0.149998
-59.8499 10 -1.15001 -59.8499 10 -0.149998
-59.4999 10 -1.15001 -59.4999 10 -0.149998
-59.1499 10 -1.15001 -59.1499 10 -0.149998
-58.7999 10 -1.15001 -58.7999 10 -0.149998
-58.4499 10 -1.15001 -58.4499 10 -0.149998
-58.0999 10 -1.15001 -58.0999 10 -0.149998
-57.7499 10 -1.15001 -57.7499 10 -0.149998
-57.3999 10 -1.15001 -57.3999 10 -0.149998
-57.0499 10 -1.15001 -57.0499 10 -0.149998
-56.6999 10 -1.15001 -56.6999 10 -0.149998
-56.3499 10 -1.15001 -56.3499 10 -0.149998
-55.9999 10 -1.15001 -55.9999 10 -0.149998
-55.6499 10 -1.15001 -55.6499 10 -0.149998
-55.2999 10 -1.15001 -55.2999 10 -0.149998
-54.9499 10 -1.15001 -54.9499 10 -0.149998
-54.5999 10 -1.15001 -54.5999 10 -0.149998
-54.2499 10 -1.15001 -54.2499 10 -0.149998
-53.8999 10 -1.15001 -53.8999 10 -0.149998
-53.5499 10 -1.15001 -53.5499 10 -0.149998
-53.1999 10 -1.15001 -53.1999 10 -0.149998
-52.8499 10 -1.15001 -52.8499 10 -0.149998
-52.4999 10 -1.15001 -52.4999 10 -0.149998
-52.1499 10 -1.15001 -52.1499 10 -0.149998
-51.7999 10 -1.15001 -51.7999 10 -0.149998
-51.4499 10 -1.15001 -51.4499 10 -0.149998
-51.0999 10 -1.15001 -51.0999 10 -0.149998
-50.7499 10 -1.15001 -50.7499 10 -0.149998
-50.3999 10 -1.15001 -50.3999 10 -0.149998
-50.0499 10 -1.15001 -50.0499 10 -0.149998
-49.7 10 -1.15001 -49.7 10 -0.149998
-49.35 10 -1.15001 -49.35 10 -0.149998
-49 10 -1.15001 -49 10 -0.149998
-48.65 10 -1.15001 -48.65 10 -0.149998
-48.3 10 -1.15001 -48.3 10 -0.149998
-47.95 10 -1.15001 -47.95 10 -0.149998
-47.6 10 -1.15001 -47.6 10 -0.149998
-47.25 10 -1.15001 -47.25 10 -0.149998
-46.9 10 -1.15001 -46.9 10 -0.149998
-46.55 10 -1.15001 -46.55 10 -0.149998
-46.2 10 -1.15001 -46.2 10 -0.149998
-45.85 10 -1.15001 -45.85 10 -0.149998
-45.5 10 -1.15001 -45.5 10 -0.149998
-45.15 10 -1.15001 -45.15 10 -0.149998
-44.8 10 -1.15001 -44.8 10 -0.149998
-44.45 10 -1.15001 -44.45 10 -0.149998
-44.1 10 -1.15001 -44.1 10 -0.149998
-43.75 10 -1.15001 -43.75 10 -0.149998
-43.4 10 -1.15001 -43.4 10 -0.149998
-43.05 10 -1.15001 -43.05 10 -0.149998
-42.7 10 -1.15001 -42.7 10 -0.149998
-42.35 10 -1.15001 -42.35 10 -0.149998
-42 10 -1.15001 -42 10 -0.149998
-41.65 10 -1.15001 -41.65 10 -0.149998
-41.3 10 -1.15001 -41.3 10 -0.149998
-40.95 10 -1.15001 -40.95 10 -0.149998
-40.95 10 -1.15001 -40.95 10 -0.149998
-40.95 10 -1.15001 -40.95 10 -0.149998
-40.95 10 -1.15001 -40.95 10 -0.149998
-40.95 10 -1.15001 -40.95 10 -0.149998
-40.95 10 -1.15001 -40.95 10 -0.149998
-40.95 10 -1.15001 -40.95 10 -0.149998
-40.95 10 -1.15001 -40.95 10 -0.149998
-40.95 10 -1.15001 -40.95 10 -0.149998
-40.95 10 -1.15001 -40.95 10 -0.149998